1.749000000000000000e+03
5.160000000000000000e+02
1.000000000000000000e+00
0.000000000000000000e+00
0.000000000000000000e+00
1.000000000000000000e+00
1.000000000000000000e+00
1.000000000000000000e+00
0.000000000000000000e+00
1.000000000000000000e+00
1.000000000000000000e+00
1.000000000000000000e+00
1.000000000000000000e+00
1.000000000000000000e+00
1.000000000000000000e+00
1.000000000000000000e+00
1.000000000000000000e+00
1.000000000000000000e+00
1.000000000000000000e+00
1.000000000000000000e+00
1.000000000000000000e+00
1.000000000000000000e+00
8.670000000000000000e+02
2.000000000000000000e+01
1.764705882352941291e-01
5.717054263565891636e-01
2.278145695364238443e-01
1.007785467128027579e-01
1.898364882285094035e-01
8.823529411764706454e-02
1.188017932346148720e-01
7.448036951501155190e-02
