1.895000000000000000e+03
5.550000000000000000e+02
1.000000000000000000e+00
1.000000000000000000e+00
1.000000000000000000e+00
1.000000000000000000e+00
1.000000000000000000e+00
1.000000000000000000e+00
0.000000000000000000e+00
1.000000000000000000e+00
1.000000000000000000e+00
1.000000000000000000e+00
1.000000000000000000e+00
1.000000000000000000e+00
1.000000000000000000e+00
1.000000000000000000e+00
1.000000000000000000e+00
1.000000000000000000e+00
1.000000000000000000e+00
1.000000000000000000e+00
1.000000000000000000e+00
1.000000000000000000e+00
8.720000000000000000e+02
2.000000000000000000e+01
1.520467836257309857e-01
5.279279279279279757e-01
2.265306122448979553e-01
1.005351681957186577e-01
1.824601641718976430e-01
7.602339181286549286e-02
1.145084295123572349e-01
7.079984691924991191e-02
