1.490000000000000000e+02
4.100000000000000000e+01
0.000000000000000000e+00
0.000000000000000000e+00
0.000000000000000000e+00
0.000000000000000000e+00
1.000000000000000000e+00
0.000000000000000000e+00
0.000000000000000000e+00
1.000000000000000000e+00
1.000000000000000000e+00
1.000000000000000000e+00
1.000000000000000000e+00
0.000000000000000000e+00
0.000000000000000000e+00
0.000000000000000000e+00
1.000000000000000000e+00
0.000000000000000000e+00
0.000000000000000000e+00
0.000000000000000000e+00
0.000000000000000000e+00
0.000000000000000000e+00
1.250000000000000000e+02
2.000000000000000000e+01
3.333333333333333148e-01
1.000000000000000000e+00
2.157894736842105310e-01
1.040000000000000091e-01
3.160000000000000031e-01
1.666666666666666574e-01
2.002688172043010917e-01
1.102150537634408595e-01
