4.920000000000000000e+02
1.460000000000000000e+02
0.000000000000000000e+00
0.000000000000000000e+00
0.000000000000000000e+00
1.000000000000000000e+00
1.000000000000000000e+00
0.000000000000000000e+00
0.000000000000000000e+00
1.000000000000000000e+00
1.000000000000000000e+00
1.000000000000000000e+00
0.000000000000000000e+00
0.000000000000000000e+00
1.000000000000000000e+00
1.000000000000000000e+00
1.000000000000000000e+00
1.000000000000000000e+00
0.000000000000000000e+00
1.000000000000000000e+00
0.000000000000000000e+00
0.000000000000000000e+00
3.330000000000000000e+02
2.000000000000000000e+01
2.222222222222222099e-01
7.671232876712328341e-01
2.288401253918495304e-01
1.017684351017684175e-01
2.384384384384384270e-01
1.111111111111111049e-01
1.481927710843373436e-01
8.795180722891565717e-02
