2.130000000000000000e+02
6.200000000000000000e+01
1.000000000000000000e+00
0.000000000000000000e+00
1.000000000000000000e+00
1.000000000000000000e+00
1.000000000000000000e+00
0.000000000000000000e+00
0.000000000000000000e+00
1.000000000000000000e+00
1.000000000000000000e+00
1.000000000000000000e+00
0.000000000000000000e+00
0.000000000000000000e+00
0.000000000000000000e+00
0.000000000000000000e+00
0.000000000000000000e+00
0.000000000000000000e+00
0.000000000000000000e+00
0.000000000000000000e+00
0.000000000000000000e+00
0.000000000000000000e+00
1.550000000000000000e+02
2.000000000000000000e+01
3.333333333333333148e-01
8.548387096774193727e-01
2.254545454545454630e-01
1.290322580645161255e-01
3.170506912442396241e-01
1.666666666666666574e-01
1.975881261595547334e-01
1.341991341991342068e-01
