3.610000000000000000e+02
1.050000000000000000e+02
0.000000000000000000e+00
0.000000000000000000e+00
0.000000000000000000e+00
0.000000000000000000e+00
1.000000000000000000e+00
1.000000000000000000e+00
0.000000000000000000e+00
1.000000000000000000e+00
1.000000000000000000e+00
1.000000000000000000e+00
1.000000000000000000e+00
1.000000000000000000e+00
0.000000000000000000e+00
0.000000000000000000e+00
1.000000000000000000e+00
1.000000000000000000e+00
0.000000000000000000e+00
0.000000000000000000e+00
0.000000000000000000e+00
0.000000000000000000e+00
2.650000000000000000e+02
2.000000000000000000e+01
2.777777777777777901e-01
8.476190476190476053e-01
2.253218884120171683e-01
9.481132075471698784e-02
2.431865828092243109e-01
1.388888888888888951e-01
1.519360269360269244e-01
9.943181818181817677e-02
