2.171000000000000000e+03
6.410000000000000000e+02
1.000000000000000000e+00
1.000000000000000000e+00
1.000000000000000000e+00
1.000000000000000000e+00
1.000000000000000000e+00
1.000000000000000000e+00
1.000000000000000000e+00
1.000000000000000000e+00
1.000000000000000000e+00
1.000000000000000000e+00
1.000000000000000000e+00
1.000000000000000000e+00
1.000000000000000000e+00
1.000000000000000000e+00
1.000000000000000000e+00
1.000000000000000000e+00
1.000000000000000000e+00
1.000000000000000000e+00
1.000000000000000000e+00
1.000000000000000000e+00
8.070000000000000000e+02
2.000000000000000000e+01
1.578947368421052544e-01
4.274570982839313582e-01
2.279516358463726799e-01
1.307637122546142228e-01
2.151796778190830373e-01
7.894736842105262720e-02
1.346774193548387066e-01
7.952853598014889003e-02
