8.870000000000000000e+02
2.570000000000000000e+02
0.000000000000000000e+00
0.000000000000000000e+00
1.000000000000000000e+00
1.000000000000000000e+00
1.000000000000000000e+00
0.000000000000000000e+00
0.000000000000000000e+00
1.000000000000000000e+00
1.000000000000000000e+00
1.000000000000000000e+00
1.000000000000000000e+00
1.000000000000000000e+00
1.000000000000000000e+00
1.000000000000000000e+00
1.000000000000000000e+00
1.000000000000000000e+00
0.000000000000000000e+00
1.000000000000000000e+00
1.000000000000000000e+00
0.000000000000000000e+00
4.990000000000000000e+02
2.000000000000000000e+01
2.087912087912087988e-01
6.536964980544747172e-01
2.246503496503496622e-01
9.942962848774472562e-02
2.024048096192384849e-01
1.043956043956043994e-01
1.272231784279977129e-01
7.372346528973035273e-02
