1.452000000000000000e+03
4.290000000000000000e+02
0.000000000000000000e+00
0.000000000000000000e+00
1.000000000000000000e+00
1.000000000000000000e+00
1.000000000000000000e+00
1.000000000000000000e+00
1.000000000000000000e+00
1.000000000000000000e+00
1.000000000000000000e+00
1.000000000000000000e+00
1.000000000000000000e+00
1.000000000000000000e+00
1.000000000000000000e+00
1.000000000000000000e+00
1.000000000000000000e+00
1.000000000000000000e+00
0.000000000000000000e+00
1.000000000000000000e+00
1.000000000000000000e+00
0.000000000000000000e+00
7.300000000000000000e+02
2.000000000000000000e+01
1.749999999999999889e-01
5.757575757575758013e-01
2.280701754385964786e-01
1.051141552511415667e-01
1.991438356164383638e-01
8.749999999999999445e-02
1.244855967078189324e-01
7.355967078189300234e-02
