6.600000000000000000e+01
1.800000000000000000e+01
0.000000000000000000e+00
0.000000000000000000e+00
0.000000000000000000e+00
0.000000000000000000e+00
0.000000000000000000e+00
0.000000000000000000e+00
0.000000000000000000e+00
1.000000000000000000e+00
1.000000000000000000e+00
0.000000000000000000e+00
0.000000000000000000e+00
0.000000000000000000e+00
1.000000000000000000e+00
1.000000000000000000e+00
0.000000000000000000e+00
0.000000000000000000e+00
0.000000000000000000e+00
0.000000000000000000e+00
0.000000000000000000e+00
0.000000000000000000e+00
5.600000000000000000e+01
2.000000000000000000e+01
6.666666666666666297e-01
1.000000000000000000e+00
2.142857142857142738e-01
1.666666666666666574e-01
4.732142857142856984e-01
3.333333333333333148e-01
2.999999999999999889e-01
1.636363636363636354e-01
