6.300000000000000000e+01
1.300000000000000000e+01
1.000000000000000000e+00
0.000000000000000000e+00
0.000000000000000000e+00
1.000000000000000000e+00
1.000000000000000000e+00
0.000000000000000000e+00
0.000000000000000000e+00
1.000000000000000000e+00
1.000000000000000000e+00
1.000000000000000000e+00
0.000000000000000000e+00
0.000000000000000000e+00
1.000000000000000000e+00
1.000000000000000000e+00
1.000000000000000000e+00
0.000000000000000000e+00
0.000000000000000000e+00
1.000000000000000000e+00
0.000000000000000000e+00
0.000000000000000000e+00
4.100000000000000000e+01
2.000000000000000000e+01
2.000000000000000111e-01
1.000000000000000000e+00
1.710526315789473728e-01
9.485094850948511125e-02
2.390243902439024293e-01
1.000000000000000056e-01
1.575000000000000011e-01
6.500000000000000222e-02
