8.200000000000000000e+01
1.900000000000000000e+01
1.000000000000000000e+00
1.000000000000000000e+00
0.000000000000000000e+00
1.000000000000000000e+00
1.000000000000000000e+00
1.000000000000000000e+00
0.000000000000000000e+00
0.000000000000000000e+00
1.000000000000000000e+00
1.000000000000000000e+00
1.000000000000000000e+00
0.000000000000000000e+00
0.000000000000000000e+00
1.000000000000000000e+00
1.000000000000000000e+00
1.000000000000000000e+00
0.000000000000000000e+00
0.000000000000000000e+00
1.000000000000000000e+00
0.000000000000000000e+00
5.000000000000000000e+01
2.000000000000000000e+01
1.666666666666666574e-01
8.947368421052631637e-01
1.881188118811881194e-01
9.272727272727272763e-02
2.166666666666666741e-01
8.333333333333332871e-02
1.394557823129251861e-01
6.462585034013605678e-02
