1.180000000000000000e+02
2.700000000000000000e+01
0.000000000000000000e+00
1.000000000000000000e+00
1.000000000000000000e+00
1.000000000000000000e+00
1.000000000000000000e+00
1.000000000000000000e+00
0.000000000000000000e+00
0.000000000000000000e+00
1.000000000000000000e+00
1.000000000000000000e+00
1.000000000000000000e+00
0.000000000000000000e+00
0.000000000000000000e+00
1.000000000000000000e+00
1.000000000000000000e+00
1.000000000000000000e+00
1.000000000000000000e+00
1.000000000000000000e+00
1.000000000000000000e+00
1.000000000000000000e+00
7.600000000000000000e+01
2.000000000000000000e+01
1.333333333333333315e-01
9.629629629629629095e-01
1.862068965517241492e-01
6.484962406015037928e-02
1.631578947368421129e-01
6.666666666666666574e-02
1.048888888888888787e-01
5.142857142857142766e-02
