1.280000000000000000e+02
2.900000000000000000e+01
0.000000000000000000e+00
0.000000000000000000e+00
0.000000000000000000e+00
1.000000000000000000e+00
1.000000000000000000e+00
1.000000000000000000e+00
0.000000000000000000e+00
1.000000000000000000e+00
1.000000000000000000e+00
1.000000000000000000e+00
1.000000000000000000e+00
1.000000000000000000e+00
1.000000000000000000e+00
1.000000000000000000e+00
1.000000000000000000e+00
1.000000000000000000e+00
1.000000000000000000e+00
1.000000000000000000e+00
1.000000000000000000e+00
1.000000000000000000e+00
7.800000000000000000e+01
2.000000000000000000e+01
1.416666666666666630e-01
8.965517241379310498e-01
1.847133757961783307e-01
6.752136752136751741e-02
1.610576923076923184e-01
7.083333333333333148e-02
1.038961038961039030e-01
4.707792207792207972e-02
