4.900000000000000000e+01
1.000000000000000000e+01
0.000000000000000000e+00
0.000000000000000000e+00
0.000000000000000000e+00
0.000000000000000000e+00
1.000000000000000000e+00
0.000000000000000000e+00
0.000000000000000000e+00
0.000000000000000000e+00
1.000000000000000000e+00
1.000000000000000000e+00
1.000000000000000000e+00
0.000000000000000000e+00
0.000000000000000000e+00
1.000000000000000000e+00
1.000000000000000000e+00
1.000000000000000000e+00
0.000000000000000000e+00
0.000000000000000000e+00
1.000000000000000000e+00
0.000000000000000000e+00
3.200000000000000000e+01
2.000000000000000000e+01
2.500000000000000000e-01
1.000000000000000000e+00
1.694915254237288060e-01
1.205357142857142877e-01
2.968750000000000000e-01
1.250000000000000000e-01
1.975806451612903136e-01
8.064516129032257841e-02
