4.000000000000000000e+01
8.000000000000000000e+00
0.000000000000000000e+00
0.000000000000000000e+00
0.000000000000000000e+00
1.000000000000000000e+00
0.000000000000000000e+00
0.000000000000000000e+00
0.000000000000000000e+00
1.000000000000000000e+00
1.000000000000000000e+00
1.000000000000000000e+00
0.000000000000000000e+00
0.000000000000000000e+00
0.000000000000000000e+00
1.000000000000000000e+00
1.000000000000000000e+00
0.000000000000000000e+00
0.000000000000000000e+00
0.000000000000000000e+00
0.000000000000000000e+00
0.000000000000000000e+00
2.400000000000000000e+01
2.000000000000000000e+01
3.333333333333333148e-01
8.750000000000000000e-01
1.666666666666666574e-01
2.000000000000000111e-01
4.236111111111111049e-01
1.666666666666666574e-01
2.898550724637681264e-01
1.159420289855072478e-01
