6.600000000000000000e+01
1.600000000000000000e+01
1.000000000000000000e+00
1.000000000000000000e+00
1.000000000000000000e+00
1.000000000000000000e+00
1.000000000000000000e+00
1.000000000000000000e+00
1.000000000000000000e+00
1.000000000000000000e+00
1.000000000000000000e+00
0.000000000000000000e+00
0.000000000000000000e+00
1.000000000000000000e+00
1.000000000000000000e+00
1.000000000000000000e+00
0.000000000000000000e+00
1.000000000000000000e+00
1.000000000000000000e+00
1.000000000000000000e+00
1.000000000000000000e+00
1.000000000000000000e+00
5.100000000000000000e+01
2.000000000000000000e+01
1.176470588235294101e-01
1.000000000000000000e+00
1.951219512195122019e-01
3.799019607843137636e-02
1.326412918108419714e-01
5.882352941176470507e-02
7.764705882352941624e-02
4.000000000000000083e-02
