9.500000000000000000e+01
2.300000000000000000e+01
1.000000000000000000e+00
1.000000000000000000e+00
1.000000000000000000e+00
1.000000000000000000e+00
1.000000000000000000e+00
1.000000000000000000e+00
1.000000000000000000e+00
1.000000000000000000e+00
1.000000000000000000e+00
1.000000000000000000e+00
1.000000000000000000e+00
1.000000000000000000e+00
1.000000000000000000e+00
1.000000000000000000e+00
1.000000000000000000e+00
1.000000000000000000e+00
1.000000000000000000e+00
1.000000000000000000e+00
1.000000000000000000e+00
1.000000000000000000e+00
7.100000000000000000e+01
2.000000000000000000e+01
1.052631578947368363e-01
1.000000000000000000e+00
1.949152542372881436e-01
3.484062268346923424e-02
1.133802816901408467e-01
5.263157894736841813e-02
6.785714285714286587e-02
3.285714285714285560e-02
