5.400000000000000000e+01
1.300000000000000000e+01
1.000000000000000000e+00
1.000000000000000000e+00
1.000000000000000000e+00
1.000000000000000000e+00
0.000000000000000000e+00
0.000000000000000000e+00
1.000000000000000000e+00
1.000000000000000000e+00
0.000000000000000000e+00
0.000000000000000000e+00
0.000000000000000000e+00
1.000000000000000000e+00
1.000000000000000000e+00
1.000000000000000000e+00
0.000000000000000000e+00
1.000000000000000000e+00
1.000000000000000000e+00
1.000000000000000000e+00
1.000000000000000000e+00
1.000000000000000000e+00
4.200000000000000000e+01
2.000000000000000000e+01
1.428571428571428492e-01
1.000000000000000000e+00
1.940298507462686617e-01
4.578754578754579835e-02
1.598639455782313035e-01
7.142857142857142461e-02
9.407665505226481262e-02
4.529616724738676214e-02
