4.200000000000000000e+01
1.000000000000000000e+01
0.000000000000000000e+00
0.000000000000000000e+00
1.000000000000000000e+00
0.000000000000000000e+00
0.000000000000000000e+00
0.000000000000000000e+00
1.000000000000000000e+00
1.000000000000000000e+00
0.000000000000000000e+00
0.000000000000000000e+00
0.000000000000000000e+00
1.000000000000000000e+00
1.000000000000000000e+00
1.000000000000000000e+00
0.000000000000000000e+00
1.000000000000000000e+00
1.000000000000000000e+00
1.000000000000000000e+00
1.000000000000000000e+00
1.000000000000000000e+00
3.300000000000000000e+01
2.000000000000000000e+01
1.818181818181818232e-01
1.000000000000000000e+00
1.923076923076923184e-01
5.757575757575757180e-02
2.011019283746556530e-01
9.090909090909091161e-02
1.193181818181818232e-01
6.250000000000000000e-02
