5.800000000000000000e+01
1.400000000000000000e+01
1.000000000000000000e+00
1.000000000000000000e+00
1.000000000000000000e+00
1.000000000000000000e+00
0.000000000000000000e+00
1.000000000000000000e+00
1.000000000000000000e+00
1.000000000000000000e+00
0.000000000000000000e+00
0.000000000000000000e+00
0.000000000000000000e+00
1.000000000000000000e+00
1.000000000000000000e+00
1.000000000000000000e+00
0.000000000000000000e+00
1.000000000000000000e+00
1.000000000000000000e+00
1.000000000000000000e+00
1.000000000000000000e+00
1.000000000000000000e+00
4.500000000000000000e+01
2.000000000000000000e+01
1.333333333333333315e-01
1.000000000000000000e+00
1.944444444444444475e-01
4.285714285714286448e-02
1.496296296296296402e-01
6.666666666666666574e-02
8.787878787878787568e-02
4.545454545454545581e-02
