1.800000000000000000e+01
4.000000000000000000e+00
1.000000000000000000e+00
1.000000000000000000e+00
1.000000000000000000e+00
1.000000000000000000e+00
0.000000000000000000e+00
0.000000000000000000e+00
0.000000000000000000e+00
1.000000000000000000e+00
0.000000000000000000e+00
0.000000000000000000e+00
0.000000000000000000e+00
0.000000000000000000e+00
0.000000000000000000e+00
0.000000000000000000e+00
0.000000000000000000e+00
0.000000000000000000e+00
0.000000000000000000e+00
0.000000000000000000e+00
0.000000000000000000e+00
0.000000000000000000e+00
1.500000000000000000e+01
2.000000000000000000e+01
4.000000000000000222e-01
1.000000000000000000e+00
1.818181818181818232e-01
1.166666666666666408e-01
4.133333333333333304e-01
2.000000000000000111e-01
2.571428571428571730e-01
1.428571428571428492e-01
