7.400000000000000000e+01
1.800000000000000000e+01
1.000000000000000000e+00
1.000000000000000000e+00
1.000000000000000000e+00
1.000000000000000000e+00
1.000000000000000000e+00
1.000000000000000000e+00
1.000000000000000000e+00
1.000000000000000000e+00
0.000000000000000000e+00
1.000000000000000000e+00
1.000000000000000000e+00
1.000000000000000000e+00
1.000000000000000000e+00
1.000000000000000000e+00
1.000000000000000000e+00
1.000000000000000000e+00
1.000000000000000000e+00
1.000000000000000000e+00
1.000000000000000000e+00
1.000000000000000000e+00
5.700000000000000000e+01
2.000000000000000000e+01
1.052631578947368363e-01
1.000000000000000000e+00
1.956521739130434867e-01
3.411306042884990064e-02
1.191135734072022168e-01
5.263157894736841813e-02
6.954887218045112396e-02
3.571428571428571924e-02
