4.600000000000000000e+01
1.100000000000000000e+01
0.000000000000000000e+00
0.000000000000000000e+00
1.000000000000000000e+00
0.000000000000000000e+00
0.000000000000000000e+00
1.000000000000000000e+00
1.000000000000000000e+00
1.000000000000000000e+00
0.000000000000000000e+00
0.000000000000000000e+00
0.000000000000000000e+00
1.000000000000000000e+00
1.000000000000000000e+00
1.000000000000000000e+00
0.000000000000000000e+00
1.000000000000000000e+00
1.000000000000000000e+00
1.000000000000000000e+00
1.000000000000000000e+00
1.000000000000000000e+00
3.600000000000000000e+01
2.000000000000000000e+01
1.666666666666666574e-01
1.000000000000000000e+00
1.929824561403508665e-01
5.303030303030302484e-02
1.851851851851851749e-01
8.333333333333332871e-02
1.095238095238095233e-01
5.238095238095238221e-02
