7.000000000000000000e+01
1.700000000000000000e+01
1.000000000000000000e+00
1.000000000000000000e+00
1.000000000000000000e+00
1.000000000000000000e+00
1.000000000000000000e+00
1.000000000000000000e+00
1.000000000000000000e+00
1.000000000000000000e+00
1.000000000000000000e+00
1.000000000000000000e+00
0.000000000000000000e+00
1.000000000000000000e+00
1.000000000000000000e+00
1.000000000000000000e+00
0.000000000000000000e+00
1.000000000000000000e+00
1.000000000000000000e+00
1.000000000000000000e+00
1.000000000000000000e+00
1.000000000000000000e+00
5.400000000000000000e+01
2.000000000000000000e+01
1.111111111111111049e-01
1.000000000000000000e+00
1.954022988505747238e-01
3.594771241830065772e-02
1.255144032921810815e-01
5.555555555555555247e-02
7.337526205450733974e-02
3.563941299790356065e-02
