7.400000000000000000e+01
2.900000000000000000e+01
1.000000000000000000e+00
1.000000000000000000e+00
1.000000000000000000e+00
1.000000000000000000e+00
1.000000000000000000e+00
1.000000000000000000e+00
1.000000000000000000e+00
1.000000000000000000e+00
1.000000000000000000e+00
1.000000000000000000e+00
1.000000000000000000e+00
1.000000000000000000e+00
1.000000000000000000e+00
1.000000000000000000e+00
1.000000000000000000e+00
1.000000000000000000e+00
1.000000000000000000e+00
1.000000000000000000e+00
1.000000000000000000e+00
1.000000000000000000e+00
1.900000000000000000e+01
2.000000000000000000e+01
1.210526315789473700e-01
2.758620689655172376e-01
2.815533980582524132e-01
2.326869806094183091e-01
4.000000000000000222e-01
6.052631578947368501e-02
2.055555555555555469e-01
1.611111111111111216e-01
