3.000000000000000000e+01
1.200000000000000000e+01
0.000000000000000000e+00
0.000000000000000000e+00
0.000000000000000000e+00
1.000000000000000000e+00
1.000000000000000000e+00
0.000000000000000000e+00
0.000000000000000000e+00
1.000000000000000000e+00
1.000000000000000000e+00
1.000000000000000000e+00
1.000000000000000000e+00
1.000000000000000000e+00
0.000000000000000000e+00
0.000000000000000000e+00
0.000000000000000000e+00
1.000000000000000000e+00
1.000000000000000000e+00
0.000000000000000000e+00
0.000000000000000000e+00
0.000000000000000000e+00
1.800000000000000000e+01
2.000000000000000000e+01
2.500000000000000000e-01
5.833333333333333703e-01
2.857142857142856984e-01
1.666666666666666852e-01
3.888888888888888951e-01
1.250000000000000000e-01
1.960784313725490169e-01
1.764705882352941291e-01
