5.800000000000000000e+01
2.100000000000000000e+01
0.000000000000000000e+00
0.000000000000000000e+00
0.000000000000000000e+00
0.000000000000000000e+00
0.000000000000000000e+00
0.000000000000000000e+00
0.000000000000000000e+00
0.000000000000000000e+00
0.000000000000000000e+00
1.000000000000000000e+00
0.000000000000000000e+00
0.000000000000000000e+00
0.000000000000000000e+00
0.000000000000000000e+00
1.000000000000000000e+00
1.000000000000000000e+00
0.000000000000000000e+00
0.000000000000000000e+00
1.000000000000000000e+00
0.000000000000000000e+00
5.400000000000000000e+01
2.000000000000000000e+01
5.000000000000000000e-01
1.000000000000000000e+00
2.658227848101265556e-01
1.543209876543210068e-01
4.814814814814814548e-01
2.500000000000000000e-01
2.735849056603773533e-01
1.981132075471698228e-01
