2.170000000000000000e+02
6.600000000000000000e+01
0.000000000000000000e+00
0.000000000000000000e+00
0.000000000000000000e+00
1.000000000000000000e+00
0.000000000000000000e+00
0.000000000000000000e+00
0.000000000000000000e+00
0.000000000000000000e+00
1.000000000000000000e+00
1.000000000000000000e+00
0.000000000000000000e+00
0.000000000000000000e+00
0.000000000000000000e+00
1.000000000000000000e+00
0.000000000000000000e+00
0.000000000000000000e+00
0.000000000000000000e+00
0.000000000000000000e+00
0.000000000000000000e+00
0.000000000000000000e+00
1.990000000000000000e+02
2.000000000000000000e+01
5.000000000000000000e-01
1.000000000000000000e+00
2.332155477031802038e-01
1.407035175879397249e-01
4.434673366834170904e-01
2.500000000000000000e-01
2.739898989898990056e-01
1.666666666666666574e-01
