6.720000000000000000e+02
2.220000000000000000e+02
1.000000000000000000e+00
0.000000000000000000e+00
1.000000000000000000e+00
1.000000000000000000e+00
1.000000000000000000e+00
0.000000000000000000e+00
0.000000000000000000e+00
0.000000000000000000e+00
1.000000000000000000e+00
1.000000000000000000e+00
0.000000000000000000e+00
0.000000000000000000e+00
0.000000000000000000e+00
0.000000000000000000e+00
0.000000000000000000e+00
0.000000000000000000e+00
0.000000000000000000e+00
0.000000000000000000e+00
0.000000000000000000e+00
0.000000000000000000e+00
6.520000000000000000e+02
2.000000000000000000e+01
4.000000000000000222e-01
9.864864864864865135e-01
2.483221476510067138e-01
7.423312883435584375e-02
2.865541922290388288e-01
2.000000000000000111e-01
1.720430107526881580e-01
1.136712749615975543e-01
