2.190000000000000000e+02
6.600000000000000000e+01
0.000000000000000000e+00
0.000000000000000000e+00
0.000000000000000000e+00
0.000000000000000000e+00
1.000000000000000000e+00
0.000000000000000000e+00
0.000000000000000000e+00
0.000000000000000000e+00
1.000000000000000000e+00
1.000000000000000000e+00
0.000000000000000000e+00
0.000000000000000000e+00
0.000000000000000000e+00
0.000000000000000000e+00
1.000000000000000000e+00
0.000000000000000000e+00
0.000000000000000000e+00
0.000000000000000000e+00
0.000000000000000000e+00
0.000000000000000000e+00
2.010000000000000000e+02
2.000000000000000000e+01
5.000000000000000000e-01
1.000000000000000000e+00
2.315789473684210509e-01
1.393034825870647087e-01
4.415422885572139466e-01
2.500000000000000000e-01
2.737499999999999933e-01
1.650000000000000078e-01
