3.700000000000000000e+01
1.000000000000000000e+01
0.000000000000000000e+00
0.000000000000000000e+00
0.000000000000000000e+00
0.000000000000000000e+00
0.000000000000000000e+00
0.000000000000000000e+00
0.000000000000000000e+00
0.000000000000000000e+00
0.000000000000000000e+00
1.000000000000000000e+00
0.000000000000000000e+00
0.000000000000000000e+00
0.000000000000000000e+00
0.000000000000000000e+00
1.000000000000000000e+00
0.000000000000000000e+00
0.000000000000000000e+00
0.000000000000000000e+00
1.000000000000000000e+00
0.000000000000000000e+00
3.100000000000000000e+01
2.000000000000000000e+01
6.666666666666666297e-01
1.000000000000000000e+00
2.127659574468085124e-01
2.580645161290322509e-01
6.451612903225806273e-01
3.333333333333333148e-01
4.111111111111111494e-01
3.333333333333333148e-01
