7.100000000000000000e+02
2.250000000000000000e+02
0.000000000000000000e+00
0.000000000000000000e+00
0.000000000000000000e+00
0.000000000000000000e+00
1.000000000000000000e+00
0.000000000000000000e+00
0.000000000000000000e+00
0.000000000000000000e+00
1.000000000000000000e+00
1.000000000000000000e+00
1.000000000000000000e+00
0.000000000000000000e+00
0.000000000000000000e+00
0.000000000000000000e+00
1.000000000000000000e+00
0.000000000000000000e+00
0.000000000000000000e+00
0.000000000000000000e+00
0.000000000000000000e+00
0.000000000000000000e+00
6.720000000000000000e+02
2.000000000000000000e+01
4.000000000000000222e-01
1.000000000000000000e+00
2.406417112299465144e-01
9.784226190476191798e-02
3.467261904761904656e-01
2.000000000000000111e-01
2.116244411326378694e-01
1.676602086438152006e-01
