4.080000000000000000e+02
1.320000000000000000e+02
0.000000000000000000e+00
0.000000000000000000e+00
0.000000000000000000e+00
0.000000000000000000e+00
0.000000000000000000e+00
1.000000000000000000e+00
0.000000000000000000e+00
0.000000000000000000e+00
0.000000000000000000e+00
1.000000000000000000e+00
1.000000000000000000e+00
1.000000000000000000e+00
0.000000000000000000e+00
0.000000000000000000e+00
1.000000000000000000e+00
1.000000000000000000e+00
0.000000000000000000e+00
0.000000000000000000e+00
0.000000000000000000e+00
0.000000000000000000e+00
3.130000000000000000e+02
2.000000000000000000e+01
4.000000000000000222e-01
8.181818181818182323e-01
2.444444444444444364e-01
1.450479233226837084e-01
3.610223642172524228e-01
2.000000000000000111e-01
2.179487179487179516e-01
1.410256410256410242e-01
