4.410000000000000000e+02
1.850000000000000000e+02
0.000000000000000000e+00
0.000000000000000000e+00
0.000000000000000000e+00
0.000000000000000000e+00
1.000000000000000000e+00
1.000000000000000000e+00
0.000000000000000000e+00
0.000000000000000000e+00
1.000000000000000000e+00
1.000000000000000000e+00
1.000000000000000000e+00
1.000000000000000000e+00
0.000000000000000000e+00
0.000000000000000000e+00
1.000000000000000000e+00
1.000000000000000000e+00
0.000000000000000000e+00
0.000000000000000000e+00
0.000000000000000000e+00
0.000000000000000000e+00
3.500000000000000000e+02
2.000000000000000000e+01
3.214285714285714524e-01
7.405405405405405261e-01
2.955271565495207753e-01
1.126530612244897867e-01
2.924999999999999822e-01
1.607142857142857262e-01
1.579512893982807920e-01
1.325214899713467176e-01
