8.500000000000000000e+01
3.600000000000000000e+01
0.000000000000000000e+00
0.000000000000000000e+00
0.000000000000000000e+00
0.000000000000000000e+00
1.000000000000000000e+00
0.000000000000000000e+00
0.000000000000000000e+00
0.000000000000000000e+00
0.000000000000000000e+00
1.000000000000000000e+00
1.000000000000000000e+00
0.000000000000000000e+00
0.000000000000000000e+00
0.000000000000000000e+00
1.000000000000000000e+00
0.000000000000000000e+00
0.000000000000000000e+00
0.000000000000000000e+00
0.000000000000000000e+00
0.000000000000000000e+00
8.900000000000000000e+01
2.000000000000000000e+01
5.000000000000000000e-01
1.000000000000000000e+00
2.975206611570248016e-01
1.198501872659176043e-01
4.522471910112359494e-01
2.500000000000000000e-01
2.414772727272727348e-01
2.045454545454545581e-01
