1.543000000000000000e+03
4.650000000000000000e+02
0.000000000000000000e+00
0.000000000000000000e+00
1.000000000000000000e+00
1.000000000000000000e+00
1.000000000000000000e+00
1.000000000000000000e+00
0.000000000000000000e+00
1.000000000000000000e+00
1.000000000000000000e+00
1.000000000000000000e+00
1.000000000000000000e+00
0.000000000000000000e+00
1.000000000000000000e+00
1.000000000000000000e+00
1.000000000000000000e+00
1.000000000000000000e+00
0.000000000000000000e+00
0.000000000000000000e+00
1.000000000000000000e+00
0.000000000000000000e+00
9.790000000000000000e+02
2.000000000000000000e+01
2.307692307692307820e-01
7.118279569892472791e-01
2.315737051792828571e-01
8.758937691521961888e-02
1.953327571305099319e-01
1.153846153846153910e-01
1.213622778039955830e-01
7.924335378323107970e-02
