7.830000000000000000e+02
2.310000000000000000e+02
0.000000000000000000e+00
0.000000000000000000e+00
0.000000000000000000e+00
1.000000000000000000e+00
1.000000000000000000e+00
1.000000000000000000e+00
0.000000000000000000e+00
0.000000000000000000e+00
1.000000000000000000e+00
1.000000000000000000e+00
1.000000000000000000e+00
0.000000000000000000e+00
0.000000000000000000e+00
1.000000000000000000e+00
1.000000000000000000e+00
1.000000000000000000e+00
0.000000000000000000e+00
0.000000000000000000e+00
0.000000000000000000e+00
0.000000000000000000e+00
5.440000000000000000e+02
2.000000000000000000e+01
3.333333333333333148e-01
7.965367965367965430e-01
2.278106508875739622e-01
1.079963235294117696e-01
2.561274509803921351e-01
1.666666666666666574e-01
1.602209944751381288e-01
1.063535911602210005e-01
