2.330000000000000000e+02
6.700000000000000000e+01
0.000000000000000000e+00
0.000000000000000000e+00
0.000000000000000000e+00
1.000000000000000000e+00
1.000000000000000000e+00
1.000000000000000000e+00
0.000000000000000000e+00
0.000000000000000000e+00
1.000000000000000000e+00
1.000000000000000000e+00
1.000000000000000000e+00
0.000000000000000000e+00
0.000000000000000000e+00
0.000000000000000000e+00
0.000000000000000000e+00
0.000000000000000000e+00
0.000000000000000000e+00
0.000000000000000000e+00
0.000000000000000000e+00
0.000000000000000000e+00
1.670000000000000000e+02
2.000000000000000000e+01
4.666666666666666741e-01
8.358208955223880299e-01
2.233333333333333282e-01
1.592814371257484929e-01
3.712574850299401041e-01
2.333333333333333370e-01
2.339357429718875447e-01
1.345381526104417746e-01
