1.148000000000000000e+03
3.420000000000000000e+02
0.000000000000000000e+00
1.000000000000000000e+00
0.000000000000000000e+00
1.000000000000000000e+00
1.000000000000000000e+00
1.000000000000000000e+00
0.000000000000000000e+00
0.000000000000000000e+00
1.000000000000000000e+00
1.000000000000000000e+00
1.000000000000000000e+00
1.000000000000000000e+00
0.000000000000000000e+00
1.000000000000000000e+00
1.000000000000000000e+00
1.000000000000000000e+00
1.000000000000000000e+00
0.000000000000000000e+00
0.000000000000000000e+00
0.000000000000000000e+00
7.390000000000000000e+02
2.000000000000000000e+01
2.424242424242424310e-01
7.339181286549707472e-01
2.295302013422818865e-01
9.238528724320337060e-02
2.078258908434821861e-01
1.212121212121212155e-01
1.296296296296296224e-01
7.723577235772358107e-02
