1.077000000000000000e+03
3.140000000000000000e+02
0.000000000000000000e+00
0.000000000000000000e+00
0.000000000000000000e+00
1.000000000000000000e+00
0.000000000000000000e+00
1.000000000000000000e+00
0.000000000000000000e+00
0.000000000000000000e+00
1.000000000000000000e+00
1.000000000000000000e+00
1.000000000000000000e+00
0.000000000000000000e+00
0.000000000000000000e+00
1.000000000000000000e+00
1.000000000000000000e+00
1.000000000000000000e+00
0.000000000000000000e+00
1.000000000000000000e+00
1.000000000000000000e+00
1.000000000000000000e+00
6.230000000000000000e+02
2.000000000000000000e+01
2.545454545454545192e-01
6.687898089171974148e-01
2.257368799424874228e-01
1.232744783306581188e-01
2.504012841091493025e-01
1.272727272727272596e-01
1.574101140017538647e-01
1.009646302250803707e-01
