5.280000000000000000e+02
1.590000000000000000e+02
0.000000000000000000e+00
0.000000000000000000e+00
1.000000000000000000e+00
1.000000000000000000e+00
1.000000000000000000e+00
0.000000000000000000e+00
0.000000000000000000e+00
1.000000000000000000e+00
1.000000000000000000e+00
1.000000000000000000e+00
0.000000000000000000e+00
0.000000000000000000e+00
1.000000000000000000e+00
1.000000000000000000e+00
0.000000000000000000e+00
0.000000000000000000e+00
0.000000000000000000e+00
0.000000000000000000e+00
0.000000000000000000e+00
0.000000000000000000e+00
3.690000000000000000e+02
2.000000000000000000e+01
3.571428571428571508e-01
7.861635220125786638e-01
2.314410480349345101e-01
1.231126596980255533e-01
2.889566395663956677e-01
1.785714285714285754e-01
1.793478260869565133e-01
1.080163043478260809e-01
