6.800000000000000000e+01
2.300000000000000000e+01
0.000000000000000000e+00
0.000000000000000000e+00
0.000000000000000000e+00
1.000000000000000000e+00
1.000000000000000000e+00
0.000000000000000000e+00
0.000000000000000000e+00
0.000000000000000000e+00
1.000000000000000000e+00
1.000000000000000000e+00
0.000000000000000000e+00
0.000000000000000000e+00
0.000000000000000000e+00
0.000000000000000000e+00
1.000000000000000000e+00
0.000000000000000000e+00
0.000000000000000000e+00
0.000000000000000000e+00
0.000000000000000000e+00
0.000000000000000000e+00
5.100000000000000000e+01
2.000000000000000000e+01
5.000000000000000000e-01
7.391304347826086474e-01
2.527472527472527375e-01
1.960784313725490446e-01
4.666666666666666741e-01
2.500000000000000000e-01
2.720000000000000195e-01
2.300000000000000100e-01
