5.000000000000000000e+01
1.800000000000000000e+01
0.000000000000000000e+00
0.000000000000000000e+00
0.000000000000000000e+00
0.000000000000000000e+00
0.000000000000000000e+00
0.000000000000000000e+00
0.000000000000000000e+00
0.000000000000000000e+00
0.000000000000000000e+00
0.000000000000000000e+00
0.000000000000000000e+00
0.000000000000000000e+00
0.000000000000000000e+00
0.000000000000000000e+00
1.000000000000000000e+00
1.000000000000000000e+00
1.000000000000000000e+00
0.000000000000000000e+00
0.000000000000000000e+00
0.000000000000000000e+00
4.900000000000000000e+01
2.000000000000000000e+01
6.666666666666666297e-01
1.000000000000000000e+00
2.647058823529411797e-01
1.938775510204081565e-01
6.054421768707483054e-01
3.333333333333333148e-01
3.472222222222222654e-01
3.750000000000000000e-01
