6.400000000000000000e+01
2.400000000000000000e+01
0.000000000000000000e+00
0.000000000000000000e+00
0.000000000000000000e+00
0.000000000000000000e+00
0.000000000000000000e+00
1.000000000000000000e+00
1.000000000000000000e+00
0.000000000000000000e+00
0.000000000000000000e+00
0.000000000000000000e+00
1.000000000000000000e+00
1.000000000000000000e+00
0.000000000000000000e+00
0.000000000000000000e+00
0.000000000000000000e+00
1.000000000000000000e+00
1.000000000000000000e+00
0.000000000000000000e+00
0.000000000000000000e+00
0.000000000000000000e+00
2.900000000000000000e+01
2.000000000000000000e+01
4.000000000000000222e-01
4.166666666666666852e-01
2.727272727272727071e-01
4.068965517241379115e-01
6.781609195402298340e-01
2.000000000000000111e-01
3.809523809523809312e-01
2.857142857142856984e-01
