2.156000000000000000e+03
6.440000000000000000e+02
1.000000000000000000e+00
1.000000000000000000e+00
1.000000000000000000e+00
1.000000000000000000e+00
1.000000000000000000e+00
1.000000000000000000e+00
1.000000000000000000e+00
1.000000000000000000e+00
1.000000000000000000e+00
1.000000000000000000e+00
1.000000000000000000e+00
1.000000000000000000e+00
1.000000000000000000e+00
1.000000000000000000e+00
1.000000000000000000e+00
1.000000000000000000e+00
1.000000000000000000e+00
1.000000000000000000e+00
1.000000000000000000e+00
1.000000000000000000e+00
7.680000000000000000e+02
2.000000000000000000e+01
1.526315789473684237e-01
4.099378881987577605e-01
2.300000000000000100e-01
1.392543859649122973e-01
2.254557291666666741e-01
7.631578947368421184e-02
1.405475880052151072e-01
8.396349413298566378e-02
