2.380000000000000000e+02
6.900000000000000000e+01
0.000000000000000000e+00
0.000000000000000000e+00
0.000000000000000000e+00
0.000000000000000000e+00
1.000000000000000000e+00
0.000000000000000000e+00
0.000000000000000000e+00
0.000000000000000000e+00
1.000000000000000000e+00
1.000000000000000000e+00
1.000000000000000000e+00
0.000000000000000000e+00
0.000000000000000000e+00
1.000000000000000000e+00
1.000000000000000000e+00
1.000000000000000000e+00
0.000000000000000000e+00
0.000000000000000000e+00
0.000000000000000000e+00
0.000000000000000000e+00
1.530000000000000000e+02
2.000000000000000000e+01
3.333333333333333148e-01
7.391304347826086474e-01
2.247557003257328878e-01
1.677559912854030555e-01
3.576097105508870277e-01
1.666666666666666574e-01
2.236842105263157909e-01
1.513157894736842091e-01
