1.810000000000000000e+02
5.200000000000000000e+01
0.000000000000000000e+00
0.000000000000000000e+00
0.000000000000000000e+00
0.000000000000000000e+00
1.000000000000000000e+00
0.000000000000000000e+00
0.000000000000000000e+00
0.000000000000000000e+00
1.000000000000000000e+00
1.000000000000000000e+00
1.000000000000000000e+00
0.000000000000000000e+00
0.000000000000000000e+00
0.000000000000000000e+00
1.000000000000000000e+00
0.000000000000000000e+00
0.000000000000000000e+00
0.000000000000000000e+00
1.000000000000000000e+00
0.000000000000000000e+00
1.360000000000000000e+02
2.000000000000000000e+01
3.333333333333333148e-01
8.846153846153845812e-01
2.231759656652360646e-01
1.426470588235294046e-01
3.566176470588235392e-01
1.666666666666666574e-01
2.234567901234567888e-01
1.283950617283950713e-01
