4.130000000000000000e+02
1.200000000000000000e+02
0.000000000000000000e+00
0.000000000000000000e+00
0.000000000000000000e+00
0.000000000000000000e+00
1.000000000000000000e+00
0.000000000000000000e+00
0.000000000000000000e+00
0.000000000000000000e+00
1.000000000000000000e+00
1.000000000000000000e+00
1.000000000000000000e+00
0.000000000000000000e+00
0.000000000000000000e+00
1.000000000000000000e+00
1.000000000000000000e+00
1.000000000000000000e+00
0.000000000000000000e+00
0.000000000000000000e+00
1.000000000000000000e+00
0.000000000000000000e+00
2.890000000000000000e+02
2.000000000000000000e+01
3.214285714285714524e-01
8.000000000000000444e-01
2.251407129455909872e-01
1.206129510627780566e-01
2.858996539792387770e-01
1.607142857142857262e-01
1.792534722222222099e-01
1.041666666666666713e-01
