3.010000000000000000e+02
8.700000000000000000e+01
0.000000000000000000e+00
0.000000000000000000e+00
0.000000000000000000e+00
1.000000000000000000e+00
1.000000000000000000e+00
1.000000000000000000e+00
0.000000000000000000e+00
0.000000000000000000e+00
1.000000000000000000e+00
1.000000000000000000e+00
1.000000000000000000e+00
0.000000000000000000e+00
0.000000000000000000e+00
1.000000000000000000e+00
1.000000000000000000e+00
0.000000000000000000e+00
0.000000000000000000e+00
0.000000000000000000e+00
0.000000000000000000e+00
0.000000000000000000e+00
1.600000000000000000e+02
2.000000000000000000e+01
3.571428571428571508e-01
6.206896551724138122e-01
2.242268041237113485e-01
2.035714285714285421e-01
3.765625000000000222e-01
1.785714285714285754e-01
2.366352201257861665e-01
1.367924528301886766e-01
