1.330000000000000000e+02
3.800000000000000000e+01
0.000000000000000000e+00
0.000000000000000000e+00
0.000000000000000000e+00
0.000000000000000000e+00
0.000000000000000000e+00
0.000000000000000000e+00
0.000000000000000000e+00
0.000000000000000000e+00
1.000000000000000000e+00
1.000000000000000000e+00
0.000000000000000000e+00
0.000000000000000000e+00
0.000000000000000000e+00
1.000000000000000000e+00
1.000000000000000000e+00
1.000000000000000000e+00
0.000000000000000000e+00
0.000000000000000000e+00
0.000000000000000000e+00
0.000000000000000000e+00
7.500000000000000000e+01
2.000000000000000000e+01
5.000000000000000000e-01
6.315789473684210176e-01
2.222222222222222099e-01
3.199999999999999512e-01
5.706666666666666554e-01
2.500000000000000000e-01
3.594594594594594517e-01
2.567567567567567433e-01
