2.336000000000000000e+03
6.900000000000000000e+02
0.000000000000000000e+00
1.000000000000000000e+00
1.000000000000000000e+00
1.000000000000000000e+00
1.000000000000000000e+00
1.000000000000000000e+00
1.000000000000000000e+00
1.000000000000000000e+00
1.000000000000000000e+00
1.000000000000000000e+00
1.000000000000000000e+00
1.000000000000000000e+00
1.000000000000000000e+00
1.000000000000000000e+00
1.000000000000000000e+00
1.000000000000000000e+00
1.000000000000000000e+00
1.000000000000000000e+00
1.000000000000000000e+00
1.000000000000000000e+00
8.400000000000000000e+02
2.000000000000000000e+01
1.637426900584795231e-01
4.144927536231883813e-01
2.280237937871777976e-01
1.445767195767195812e-01
2.340225563909774376e-01
8.187134502923976154e-02
1.465403676055454518e-01
9.137862534763607769e-02
