2.170000000000000000e+02
6.300000000000000000e+01
0.000000000000000000e+00
0.000000000000000000e+00
0.000000000000000000e+00
0.000000000000000000e+00
0.000000000000000000e+00
0.000000000000000000e+00
0.000000000000000000e+00
0.000000000000000000e+00
0.000000000000000000e+00
1.000000000000000000e+00
1.000000000000000000e+00
1.000000000000000000e+00
0.000000000000000000e+00
0.000000000000000000e+00
1.000000000000000000e+00
1.000000000000000000e+00
1.000000000000000000e+00
0.000000000000000000e+00
0.000000000000000000e+00
0.000000000000000000e+00
1.100000000000000000e+02
2.000000000000000000e+01
4.666666666666666741e-01
5.714285714285713969e-01
2.250000000000000056e-01
3.090909090909090828e-01
5.287878787878788067e-01
2.333333333333333370e-01
3.318042813455657769e-01
1.926605504587155793e-01
