4.140000000000000000e+02
1.400000000000000000e+02
0.000000000000000000e+00
0.000000000000000000e+00
0.000000000000000000e+00
0.000000000000000000e+00
1.000000000000000000e+00
1.000000000000000000e+00
0.000000000000000000e+00
0.000000000000000000e+00
1.000000000000000000e+00
1.000000000000000000e+00
1.000000000000000000e+00
0.000000000000000000e+00
0.000000000000000000e+00
1.000000000000000000e+00
1.000000000000000000e+00
0.000000000000000000e+00
0.000000000000000000e+00
0.000000000000000000e+00
0.000000000000000000e+00
0.000000000000000000e+00
2.590000000000000000e+02
2.000000000000000000e+01
3.809523809523809312e-01
6.714285714285713746e-01
2.527075812274368061e-01
1.898326898326898604e-01
3.866519580805294898e-01
1.904761904761904656e-01
2.292358803986710991e-01
1.808785529715762064e-01
