4.970000000000000000e+02
1.620000000000000000e+02
0.000000000000000000e+00
0.000000000000000000e+00
0.000000000000000000e+00
0.000000000000000000e+00
0.000000000000000000e+00
0.000000000000000000e+00
0.000000000000000000e+00
1.000000000000000000e+00
1.000000000000000000e+00
1.000000000000000000e+00
1.000000000000000000e+00
0.000000000000000000e+00
1.000000000000000000e+00
1.000000000000000000e+00
1.000000000000000000e+00
1.000000000000000000e+00
0.000000000000000000e+00
0.000000000000000000e+00
0.000000000000000000e+00
0.000000000000000000e+00
2.510000000000000000e+02
2.000000000000000000e+01
3.571428571428571508e-01
5.246913580246913567e-01
2.458270106221547846e-01
2.322140011383038993e-01
4.128486055776892649e-01
1.785714285714285754e-01
2.484999999999999987e-01
1.620000000000000051e-01
