8.170000000000000000e+02
2.390000000000000000e+02
1.000000000000000000e+00
1.000000000000000000e+00
1.000000000000000000e+00
1.000000000000000000e+00
1.000000000000000000e+00
1.000000000000000000e+00
0.000000000000000000e+00
1.000000000000000000e+00
1.000000000000000000e+00
1.000000000000000000e+00
1.000000000000000000e+00
1.000000000000000000e+00
0.000000000000000000e+00
1.000000000000000000e+00
1.000000000000000000e+00
1.000000000000000000e+00
0.000000000000000000e+00
0.000000000000000000e+00
0.000000000000000000e+00
0.000000000000000000e+00
4.720000000000000000e+02
2.000000000000000000e+01
1.978021978021977934e-01
6.694560669456066648e-01
2.263257575757575690e-01
9.517601043024770391e-02
1.976392251815980716e-01
9.890109890109889668e-02
1.239005156202608454e-01
7.249014255383681715e-02
