4.250000000000000000e+02
1.230000000000000000e+02
0.000000000000000000e+00
0.000000000000000000e+00
0.000000000000000000e+00
0.000000000000000000e+00
1.000000000000000000e+00
1.000000000000000000e+00
0.000000000000000000e+00
0.000000000000000000e+00
1.000000000000000000e+00
1.000000000000000000e+00
1.000000000000000000e+00
0.000000000000000000e+00
0.000000000000000000e+00
1.000000000000000000e+00
1.000000000000000000e+00
1.000000000000000000e+00
0.000000000000000000e+00
0.000000000000000000e+00
1.000000000000000000e+00
1.000000000000000000e+00
2.670000000000000000e+02
2.000000000000000000e+01
2.666666666666666630e-01
7.235772357723577741e-01
2.244525547445255509e-01
1.169371618809821184e-01
2.543071161048688911e-01
1.333333333333333315e-01
1.597744360902255689e-01
9.248120300751880296e-02
