2.379000000000000000e+03
6.850000000000000000e+02
1.000000000000000000e+00
1.000000000000000000e+00
1.000000000000000000e+00
1.000000000000000000e+00
1.000000000000000000e+00
1.000000000000000000e+00
1.000000000000000000e+00
1.000000000000000000e+00
1.000000000000000000e+00
1.000000000000000000e+00
1.000000000000000000e+00
1.000000000000000000e+00
1.000000000000000000e+00
1.000000000000000000e+00
1.000000000000000000e+00
1.000000000000000000e+00
1.000000000000000000e+00
0.000000000000000000e+00
1.000000000000000000e+00
1.000000000000000000e+00
9.370000000000000000e+02
2.000000000000000000e+01
1.637426900584795231e-01
4.656934306569343041e-01
2.235639686684073035e-01
1.261117040199217221e-01
2.115935516485985546e-01
8.187134502923976154e-02
1.337719298245614030e-01
8.131528964862297371e-02
