1.667000000000000000e+03
4.870000000000000000e+02
0.000000000000000000e+00
0.000000000000000000e+00
0.000000000000000000e+00
1.000000000000000000e+00
1.000000000000000000e+00
1.000000000000000000e+00
0.000000000000000000e+00
1.000000000000000000e+00
1.000000000000000000e+00
1.000000000000000000e+00
1.000000000000000000e+00
1.000000000000000000e+00
1.000000000000000000e+00
1.000000000000000000e+00
1.000000000000000000e+00
1.000000000000000000e+00
1.000000000000000000e+00
1.000000000000000000e+00
1.000000000000000000e+00
1.000000000000000000e+00
8.350000000000000000e+02
2.000000000000000000e+01
1.833333333333333204e-01
5.852156057494866115e-01
2.260909935004642435e-01
1.053093812375249655e-01
1.988023952095808455e-01
9.166666666666666019e-02
1.249250599520383698e-01
7.299160671462830152e-02
