3.290000000000000000e+02
9.300000000000000000e+01
0.000000000000000000e+00
0.000000000000000000e+00
0.000000000000000000e+00
0.000000000000000000e+00
1.000000000000000000e+00
0.000000000000000000e+00
0.000000000000000000e+00
0.000000000000000000e+00
1.000000000000000000e+00
1.000000000000000000e+00
1.000000000000000000e+00
0.000000000000000000e+00
0.000000000000000000e+00
1.000000000000000000e+00
1.000000000000000000e+00
1.000000000000000000e+00
0.000000000000000000e+00
0.000000000000000000e+00
1.000000000000000000e+00
0.000000000000000000e+00
2.340000000000000000e+02
2.000000000000000000e+01
2.857142857142856984e-01
8.279569892473118697e-01
2.203791469194312791e-01
1.147741147741147827e-01
2.788461538461538547e-01
1.428571428571428492e-01
1.765021459227467948e-01
9.978540772532189240e-02
