1.446000000000000000e+03
4.190000000000000000e+02
0.000000000000000000e+00
0.000000000000000000e+00
0.000000000000000000e+00
1.000000000000000000e+00
1.000000000000000000e+00
1.000000000000000000e+00
0.000000000000000000e+00
1.000000000000000000e+00
1.000000000000000000e+00
1.000000000000000000e+00
1.000000000000000000e+00
1.000000000000000000e+00
1.000000000000000000e+00
1.000000000000000000e+00
1.000000000000000000e+00
1.000000000000000000e+00
0.000000000000000000e+00
1.000000000000000000e+00
1.000000000000000000e+00
1.000000000000000000e+00
6.780000000000000000e+02
2.000000000000000000e+01
2.000000000000000111e-01
5.465393794749403567e-01
2.246648793565683699e-01
1.250526759376316688e-01
2.259587020648967659e-01
1.000000000000000056e-01
1.423929098966026652e-01
8.841527748470141834e-02
