4.620000000000000000e+02
1.350000000000000000e+02
0.000000000000000000e+00
1.000000000000000000e+00
0.000000000000000000e+00
1.000000000000000000e+00
1.000000000000000000e+00
1.000000000000000000e+00
0.000000000000000000e+00
0.000000000000000000e+00
1.000000000000000000e+00
1.000000000000000000e+00
1.000000000000000000e+00
0.000000000000000000e+00
0.000000000000000000e+00
0.000000000000000000e+00
1.000000000000000000e+00
1.000000000000000000e+00
0.000000000000000000e+00
0.000000000000000000e+00
0.000000000000000000e+00
0.000000000000000000e+00
3.170000000000000000e+02
2.000000000000000000e+01
2.777777777777777901e-01
8.000000000000000444e-01
2.261306532663316660e-01
1.104100946372239822e-01
2.593760953382404644e-01
1.388888888888888951e-01
1.624472573839662592e-01
1.068037974683544306e-01
