1.340000000000000000e+02
3.800000000000000000e+01
0.000000000000000000e+00
0.000000000000000000e+00
0.000000000000000000e+00
0.000000000000000000e+00
1.000000000000000000e+00
0.000000000000000000e+00
0.000000000000000000e+00
0.000000000000000000e+00
1.000000000000000000e+00
1.000000000000000000e+00
0.000000000000000000e+00
0.000000000000000000e+00
0.000000000000000000e+00
1.000000000000000000e+00
1.000000000000000000e+00
0.000000000000000000e+00
0.000000000000000000e+00
0.000000000000000000e+00
0.000000000000000000e+00
0.000000000000000000e+00
9.600000000000000000e+01
2.000000000000000000e+01
5.000000000000000000e-01
8.684210526315789824e-01
2.209302325581395388e-01
1.979166666666666852e-01
4.458333333333333592e-01
2.500000000000000000e-01
2.821052631578947478e-01
2.000000000000000111e-01
