9.970000000000000000e+02
2.890000000000000000e+02
1.000000000000000000e+00
1.000000000000000000e+00
1.000000000000000000e+00
1.000000000000000000e+00
1.000000000000000000e+00
1.000000000000000000e+00
0.000000000000000000e+00
1.000000000000000000e+00
1.000000000000000000e+00
1.000000000000000000e+00
1.000000000000000000e+00
0.000000000000000000e+00
0.000000000000000000e+00
1.000000000000000000e+00
1.000000000000000000e+00
1.000000000000000000e+00
0.000000000000000000e+00
0.000000000000000000e+00
1.000000000000000000e+00
0.000000000000000000e+00
6.190000000000000000e+02
2.000000000000000000e+01
1.978021978021977934e-01
7.197231833910034959e-01
2.247278382581648637e-01
8.288803280725735856e-02
1.831294714978075333e-01
9.890109890109889668e-02
1.152334720295885434e-01
6.680536292186776970e-02
