1.190000000000000000e+03
3.780000000000000000e+02
0.000000000000000000e+00
0.000000000000000000e+00
1.000000000000000000e+00
1.000000000000000000e+00
1.000000000000000000e+00
0.000000000000000000e+00
0.000000000000000000e+00
1.000000000000000000e+00
1.000000000000000000e+00
1.000000000000000000e+00
0.000000000000000000e+00
0.000000000000000000e+00
0.000000000000000000e+00
1.000000000000000000e+00
1.000000000000000000e+00
0.000000000000000000e+00
0.000000000000000000e+00
0.000000000000000000e+00
0.000000000000000000e+00
0.000000000000000000e+00
9.750000000000000000e+02
2.000000000000000000e+01
3.571428571428571508e-01
8.888888888888888395e-01
2.410714285714285754e-01
8.688644688644688030e-02
2.503846153846153721e-01
1.785714285714285754e-01
1.527207392197125202e-01
9.702258726899383456e-02
