7.490000000000000000e+02
2.250000000000000000e+02
0.000000000000000000e+00
0.000000000000000000e+00
0.000000000000000000e+00
1.000000000000000000e+00
1.000000000000000000e+00
0.000000000000000000e+00
0.000000000000000000e+00
0.000000000000000000e+00
1.000000000000000000e+00
1.000000000000000000e+00
0.000000000000000000e+00
0.000000000000000000e+00
0.000000000000000000e+00
0.000000000000000000e+00
0.000000000000000000e+00
0.000000000000000000e+00
0.000000000000000000e+00
0.000000000000000000e+00
0.000000000000000000e+00
0.000000000000000000e+00
5.980000000000000000e+02
2.000000000000000000e+01
6.666666666666666297e-01
8.888888888888888395e-01
2.310061601642710571e-01
2.095875139353400307e-01
5.029264214046822445e-01
3.333333333333333148e-01
3.136515912897822611e-01
1.884422110552763929e-01
