7.500000000000000000e+01
2.000000000000000000e+01
0.000000000000000000e+00
0.000000000000000000e+00
0.000000000000000000e+00
0.000000000000000000e+00
0.000000000000000000e+00
0.000000000000000000e+00
0.000000000000000000e+00
0.000000000000000000e+00
0.000000000000000000e+00
1.000000000000000000e+00
1.000000000000000000e+00
0.000000000000000000e+00
0.000000000000000000e+00
0.000000000000000000e+00
1.000000000000000000e+00
1.000000000000000000e+00
0.000000000000000000e+00
0.000000000000000000e+00
0.000000000000000000e+00
0.000000000000000000e+00
6.000000000000000000e+01
2.000000000000000000e+01
6.666666666666666297e-01
1.000000000000000000e+00
2.105263157894736725e-01
1.944444444444444198e-01
4.916666666666666408e-01
3.333333333333333148e-01
3.177966101694915113e-01
1.694915254237288060e-01
