2.440000000000000000e+02
6.800000000000000000e+01
0.000000000000000000e+00
0.000000000000000000e+00
0.000000000000000000e+00
0.000000000000000000e+00
0.000000000000000000e+00
1.000000000000000000e+00
1.000000000000000000e+00
0.000000000000000000e+00
0.000000000000000000e+00
0.000000000000000000e+00
1.000000000000000000e+00
1.000000000000000000e+00
0.000000000000000000e+00
0.000000000000000000e+00
0.000000000000000000e+00
1.000000000000000000e+00
1.000000000000000000e+00
0.000000000000000000e+00
0.000000000000000000e+00
0.000000000000000000e+00
1.460000000000000000e+02
2.000000000000000000e+01
4.666666666666666741e-01
7.205882352941176405e-01
2.179487179487179516e-01
2.273972602739726123e-01
4.406392694063926974e-01
2.333333333333333370e-01
2.804597701149425526e-01
1.563218390804597679e-01
