1.200000000000000000e+02
3.200000000000000000e+01
0.000000000000000000e+00
0.000000000000000000e+00
0.000000000000000000e+00
1.000000000000000000e+00
1.000000000000000000e+00
0.000000000000000000e+00
0.000000000000000000e+00
0.000000000000000000e+00
1.000000000000000000e+00
1.000000000000000000e+00
0.000000000000000000e+00
0.000000000000000000e+00
0.000000000000000000e+00
0.000000000000000000e+00
0.000000000000000000e+00
0.000000000000000000e+00
0.000000000000000000e+00
0.000000000000000000e+00
0.000000000000000000e+00
0.000000000000000000e+00
7.700000000000000000e+01
2.000000000000000000e+01
6.666666666666666297e-01
7.812500000000000000e-01
2.105263157894736725e-01
3.246753246753246724e-01
6.103896103896103709e-01
3.333333333333333148e-01
3.947368421052631637e-01
2.105263157894736725e-01
