7.800000000000000000e+01
2.100000000000000000e+01
0.000000000000000000e+00
0.000000000000000000e+00
0.000000000000000000e+00
0.000000000000000000e+00
1.000000000000000000e+00
1.000000000000000000e+00
0.000000000000000000e+00
0.000000000000000000e+00
0.000000000000000000e+00
1.000000000000000000e+00
1.000000000000000000e+00
0.000000000000000000e+00
0.000000000000000000e+00
0.000000000000000000e+00
0.000000000000000000e+00
0.000000000000000000e+00
0.000000000000000000e+00
0.000000000000000000e+00
0.000000000000000000e+00
0.000000000000000000e+00
5.800000000000000000e+01
2.000000000000000000e+01
6.666666666666666297e-01
9.523809523809523281e-01
2.121212121212121271e-01
2.356321839080459668e-01
5.301724137931034253e-01
3.333333333333333148e-01
3.421052631578947456e-01
1.842105263157894635e-01
