1.190000000000000000e+02
3.600000000000000000e+01
1.000000000000000000e+00
0.000000000000000000e+00
0.000000000000000000e+00
1.000000000000000000e+00
1.000000000000000000e+00
0.000000000000000000e+00
0.000000000000000000e+00
0.000000000000000000e+00
1.000000000000000000e+00
0.000000000000000000e+00
0.000000000000000000e+00
0.000000000000000000e+00
0.000000000000000000e+00
0.000000000000000000e+00
0.000000000000000000e+00
0.000000000000000000e+00
0.000000000000000000e+00
0.000000000000000000e+00
0.000000000000000000e+00
0.000000000000000000e+00
1.000000000000000000e+02
2.000000000000000000e+01
5.000000000000000000e-01
1.000000000000000000e+00
2.322580645161290425e-01
1.833333333333333481e-01
4.874999999999999889e-01
2.500000000000000000e-01
3.005050505050504972e-01
1.818181818181818232e-01
