1.420000000000000000e+02
3.300000000000000000e+01
0.000000000000000000e+00
0.000000000000000000e+00
1.000000000000000000e+00
0.000000000000000000e+00
0.000000000000000000e+00
1.000000000000000000e+00
1.000000000000000000e+00
1.000000000000000000e+00
0.000000000000000000e+00
0.000000000000000000e+00
0.000000000000000000e+00
1.000000000000000000e+00
1.000000000000000000e+00
1.000000000000000000e+00
0.000000000000000000e+00
1.000000000000000000e+00
1.000000000000000000e+00
1.000000000000000000e+00
1.000000000000000000e+00
1.000000000000000000e+00
4.800000000000000000e+01
2.000000000000000000e+01
1.666666666666666574e-01
4.545454545454545303e-01
1.885714285714285843e-01
2.405303030303030387e-01
3.819444444444444198e-01
8.333333333333332871e-02
2.517730496453901012e-01
1.170212765957446832e-01
