6.400000000000000000e+01
1.500000000000000000e+01
1.000000000000000000e+00
1.000000000000000000e+00
1.000000000000000000e+00
1.000000000000000000e+00
0.000000000000000000e+00
0.000000000000000000e+00
0.000000000000000000e+00
1.000000000000000000e+00
0.000000000000000000e+00
0.000000000000000000e+00
0.000000000000000000e+00
0.000000000000000000e+00
1.000000000000000000e+00
0.000000000000000000e+00
0.000000000000000000e+00
0.000000000000000000e+00
0.000000000000000000e+00
0.000000000000000000e+00
0.000000000000000000e+00
0.000000000000000000e+00
3.000000000000000000e+01
2.000000000000000000e+01
3.333333333333333148e-01
5.999999999999999778e-01
1.898734177215190000e-01
3.266666666666666607e-01
5.555555555555555802e-01
1.666666666666666574e-01
3.678160919540229834e-01
1.724137931034482873e-01
