1.240000000000000000e+02
3.600000000000000000e+01
0.000000000000000000e+00
0.000000000000000000e+00
0.000000000000000000e+00
0.000000000000000000e+00
0.000000000000000000e+00
0.000000000000000000e+00
0.000000000000000000e+00
0.000000000000000000e+00
1.000000000000000000e+00
0.000000000000000000e+00
0.000000000000000000e+00
0.000000000000000000e+00
1.000000000000000000e+00
1.000000000000000000e+00
1.000000000000000000e+00
0.000000000000000000e+00
0.000000000000000000e+00
0.000000000000000000e+00
0.000000000000000000e+00
0.000000000000000000e+00
1.020000000000000000e+02
2.000000000000000000e+01
5.000000000000000000e-01
1.000000000000000000e+00
2.250000000000000056e-01
1.895424836601307117e-01
4.901960784313725283e-01
2.500000000000000000e-01
3.069306930693069257e-01
1.782178217821782096e-01
