1.750000000000000000e+02
5.400000000000000000e+01
0.000000000000000000e+00
0.000000000000000000e+00
0.000000000000000000e+00
0.000000000000000000e+00
0.000000000000000000e+00
1.000000000000000000e+00
0.000000000000000000e+00
0.000000000000000000e+00
0.000000000000000000e+00
1.000000000000000000e+00
1.000000000000000000e+00
1.000000000000000000e+00
0.000000000000000000e+00
0.000000000000000000e+00
0.000000000000000000e+00
1.000000000000000000e+00
0.000000000000000000e+00
0.000000000000000000e+00
0.000000000000000000e+00
0.000000000000000000e+00
1.560000000000000000e+02
2.000000000000000000e+01
4.000000000000000222e-01
1.000000000000000000e+00
2.358078602620087283e-01
1.169871794871794601e-01
3.692307692307692513e-01
2.000000000000000111e-01
2.258064516129032473e-01
1.741935483870967749e-01
