6.470000000000000000e+02
1.960000000000000000e+02
1.000000000000000000e+00
0.000000000000000000e+00
1.000000000000000000e+00
1.000000000000000000e+00
1.000000000000000000e+00
0.000000000000000000e+00
0.000000000000000000e+00
1.000000000000000000e+00
1.000000000000000000e+00
1.000000000000000000e+00
0.000000000000000000e+00
0.000000000000000000e+00
0.000000000000000000e+00
1.000000000000000000e+00
0.000000000000000000e+00
0.000000000000000000e+00
0.000000000000000000e+00
0.000000000000000000e+00
0.000000000000000000e+00
0.000000000000000000e+00
4.330000000000000000e+02
2.000000000000000000e+01
3.214285714285714524e-01
7.857142857142856984e-01
2.325029655990510091e-01
1.352688881557241873e-01
3.022517321016166547e-01
1.607142857142857262e-01
1.872106481481481399e-01
1.134259259259259300e-01
