8.000000000000000000e+01
2.100000000000000000e+01
0.000000000000000000e+00
0.000000000000000000e+00
1.000000000000000000e+00
1.000000000000000000e+00
0.000000000000000000e+00
0.000000000000000000e+00
0.000000000000000000e+00
1.000000000000000000e+00
1.000000000000000000e+00
0.000000000000000000e+00
0.000000000000000000e+00
0.000000000000000000e+00
0.000000000000000000e+00
0.000000000000000000e+00
0.000000000000000000e+00
0.000000000000000000e+00
0.000000000000000000e+00
0.000000000000000000e+00
0.000000000000000000e+00
0.000000000000000000e+00
6.100000000000000000e+01
2.000000000000000000e+01
6.666666666666666297e-01
9.523809523809523281e-01
2.079207920792079112e-01
2.185792349726776163e-01
5.122950819672130729e-01
3.333333333333333148e-01
3.333333333333333148e-01
1.749999999999999889e-01
