6.050000000000000000e+02
1.880000000000000000e+02
0.000000000000000000e+00
0.000000000000000000e+00
0.000000000000000000e+00
1.000000000000000000e+00
1.000000000000000000e+00
0.000000000000000000e+00
0.000000000000000000e+00
1.000000000000000000e+00
1.000000000000000000e+00
1.000000000000000000e+00
1.000000000000000000e+00
0.000000000000000000e+00
0.000000000000000000e+00
1.000000000000000000e+00
1.000000000000000000e+00
0.000000000000000000e+00
0.000000000000000000e+00
0.000000000000000000e+00
0.000000000000000000e+00
0.000000000000000000e+00
3.720000000000000000e+02
2.000000000000000000e+01
3.214285714285714524e-01
6.968085106382978511e-01
2.370744010088272347e-01
1.616743471582181291e-01
3.323252688172043112e-01
1.607142857142857262e-01
2.038409703504042991e-01
1.266846361185983705e-01
