3.060000000000000000e+02
9.500000000000000000e+01
0.000000000000000000e+00
0.000000000000000000e+00
0.000000000000000000e+00
0.000000000000000000e+00
1.000000000000000000e+00
0.000000000000000000e+00
0.000000000000000000e+00
0.000000000000000000e+00
1.000000000000000000e+00
1.000000000000000000e+00
1.000000000000000000e+00
0.000000000000000000e+00
0.000000000000000000e+00
0.000000000000000000e+00
1.000000000000000000e+00
1.000000000000000000e+00
0.000000000000000000e+00
0.000000000000000000e+00
0.000000000000000000e+00
0.000000000000000000e+00
2.310000000000000000e+02
2.000000000000000000e+01
4.000000000000000222e-01
8.736842105263158409e-01
2.369077306733167188e-01
1.471861471861471704e-01
3.621933621933621783e-01
2.000000000000000111e-01
2.217391304347826331e-01
1.376811594202898559e-01
