1.170000000000000000e+02
2.600000000000000000e+01
1.000000000000000000e+00
1.000000000000000000e+00
1.000000000000000000e+00
1.000000000000000000e+00
0.000000000000000000e+00
0.000000000000000000e+00
1.000000000000000000e+00
1.000000000000000000e+00
0.000000000000000000e+00
0.000000000000000000e+00
0.000000000000000000e+00
1.000000000000000000e+00
1.000000000000000000e+00
1.000000000000000000e+00
0.000000000000000000e+00
1.000000000000000000e+00
1.000000000000000000e+00
1.000000000000000000e+00
1.000000000000000000e+00
1.000000000000000000e+00
4.800000000000000000e+01
2.000000000000000000e+01
1.428571428571428492e-01
5.769230769230768718e-01
1.818181818181818232e-01
1.522435897435897301e-01
2.723214285714285476e-01
7.142857142857142461e-02
1.778115501519756947e-01
7.902735562310030104e-02
