8.100000000000000000e+01
1.800000000000000000e+01
1.000000000000000000e+00
1.000000000000000000e+00
1.000000000000000000e+00
1.000000000000000000e+00
0.000000000000000000e+00
0.000000000000000000e+00
0.000000000000000000e+00
1.000000000000000000e+00
0.000000000000000000e+00
0.000000000000000000e+00
0.000000000000000000e+00
0.000000000000000000e+00
1.000000000000000000e+00
1.000000000000000000e+00
0.000000000000000000e+00
0.000000000000000000e+00
0.000000000000000000e+00
1.000000000000000000e+00
1.000000000000000000e+00
1.000000000000000000e+00
3.600000000000000000e+01
2.000000000000000000e+01
2.000000000000000111e-01
6.111111111111111605e-01
1.818181818181818232e-01
1.944444444444444475e-01
3.527777777777778012e-01
1.000000000000000056e-01
2.314285714285714557e-01
1.028571428571428414e-01
