1.260000000000000000e+02
2.800000000000000000e+01
1.000000000000000000e+00
1.000000000000000000e+00
1.000000000000000000e+00
1.000000000000000000e+00
0.000000000000000000e+00
1.000000000000000000e+00
1.000000000000000000e+00
1.000000000000000000e+00
0.000000000000000000e+00
0.000000000000000000e+00
0.000000000000000000e+00
1.000000000000000000e+00
1.000000000000000000e+00
1.000000000000000000e+00
0.000000000000000000e+00
1.000000000000000000e+00
1.000000000000000000e+00
1.000000000000000000e+00
1.000000000000000000e+00
1.000000000000000000e+00
5.100000000000000000e+01
2.000000000000000000e+01
1.333333333333333315e-01
5.714285714285713969e-01
1.818181818181818232e-01
1.442577030812324801e-01
2.575163398692810190e-01
6.666666666666666574e-02
1.680000000000000104e-01
8.000000000000000167e-02
