5.400000000000000000e+01
1.200000000000000000e+01
0.000000000000000000e+00
0.000000000000000000e+00
0.000000000000000000e+00
0.000000000000000000e+00
0.000000000000000000e+00
0.000000000000000000e+00
1.000000000000000000e+00
0.000000000000000000e+00
0.000000000000000000e+00
0.000000000000000000e+00
0.000000000000000000e+00
1.000000000000000000e+00
0.000000000000000000e+00
0.000000000000000000e+00
0.000000000000000000e+00
1.000000000000000000e+00
1.000000000000000000e+00
1.000000000000000000e+00
1.000000000000000000e+00
1.000000000000000000e+00
2.700000000000000000e+01
2.000000000000000000e+01
2.857142857142856984e-01
6.666666666666666297e-01
1.818181818181818232e-01
2.407407407407407829e-01
4.497354497354497105e-01
1.428571428571428492e-01
2.967032967032967039e-01
1.538461538461538547e-01
