9.000000000000000000e+01
2.000000000000000000e+01
0.000000000000000000e+00
0.000000000000000000e+00
1.000000000000000000e+00
0.000000000000000000e+00
0.000000000000000000e+00
0.000000000000000000e+00
1.000000000000000000e+00
1.000000000000000000e+00
0.000000000000000000e+00
0.000000000000000000e+00
0.000000000000000000e+00
1.000000000000000000e+00
1.000000000000000000e+00
1.000000000000000000e+00
0.000000000000000000e+00
1.000000000000000000e+00
1.000000000000000000e+00
1.000000000000000000e+00
1.000000000000000000e+00
1.000000000000000000e+00
3.900000000000000000e+01
2.000000000000000000e+01
1.818181818181818232e-01
5.999999999999999778e-01
1.818181818181818232e-01
1.820512820512820706e-01
3.286713286713286442e-01
9.090909090909091161e-02
2.153110047846889807e-01
1.052631578947368363e-01
