3.700000000000000000e+01
1.200000000000000000e+01
0.000000000000000000e+00
0.000000000000000000e+00
1.000000000000000000e+00
0.000000000000000000e+00
0.000000000000000000e+00
0.000000000000000000e+00
0.000000000000000000e+00
1.000000000000000000e+00
0.000000000000000000e+00
0.000000000000000000e+00
0.000000000000000000e+00
0.000000000000000000e+00
1.000000000000000000e+00
1.000000000000000000e+00
0.000000000000000000e+00
0.000000000000000000e+00
0.000000000000000000e+00
1.000000000000000000e+00
1.000000000000000000e+00
1.000000000000000000e+00
2.300000000000000000e+01
2.000000000000000000e+01
2.857142857142856984e-01
6.666666666666666297e-01
2.448979591836734637e-01
1.884057971014493071e-01
4.223602484472049889e-01
1.428571428571428492e-01
2.402597402597402565e-01
1.818181818181817955e-01
