7.900000000000000000e+01
2.600000000000000000e+01
1.000000000000000000e+00
1.000000000000000000e+00
1.000000000000000000e+00
1.000000000000000000e+00
0.000000000000000000e+00
0.000000000000000000e+00
1.000000000000000000e+00
1.000000000000000000e+00
0.000000000000000000e+00
0.000000000000000000e+00
0.000000000000000000e+00
1.000000000000000000e+00
1.000000000000000000e+00
1.000000000000000000e+00
0.000000000000000000e+00
1.000000000000000000e+00
1.000000000000000000e+00
1.000000000000000000e+00
1.000000000000000000e+00
1.000000000000000000e+00
4.400000000000000000e+01
2.000000000000000000e+01
1.428571428571428492e-01
5.769230769230768718e-01
2.476190476190476275e-01
1.066433566433566404e-01
2.353896103896103986e-01
7.142857142857142461e-02
1.312292358803986703e-01
8.637873754152823602e-02
