6.100000000000000000e+01
2.000000000000000000e+01
0.000000000000000000e+00
0.000000000000000000e+00
1.000000000000000000e+00
0.000000000000000000e+00
0.000000000000000000e+00
0.000000000000000000e+00
1.000000000000000000e+00
1.000000000000000000e+00
0.000000000000000000e+00
0.000000000000000000e+00
0.000000000000000000e+00
1.000000000000000000e+00
1.000000000000000000e+00
1.000000000000000000e+00
0.000000000000000000e+00
1.000000000000000000e+00
1.000000000000000000e+00
1.000000000000000000e+00
1.000000000000000000e+00
1.000000000000000000e+00
3.500000000000000000e+01
2.000000000000000000e+01
1.818181818181818232e-01
5.999999999999999778e-01
2.469135802469135665e-01
1.314285714285714501e-01
2.909090909090908950e-01
9.090909090909091161e-02
1.631016042780748798e-01
1.176470588235294101e-01
