1.490000000000000000e+02
4.700000000000000000e+01
1.000000000000000000e+00
1.000000000000000000e+00
1.000000000000000000e+00
1.000000000000000000e+00
1.000000000000000000e+00
1.000000000000000000e+00
1.000000000000000000e+00
1.000000000000000000e+00
1.000000000000000000e+00
1.000000000000000000e+00
1.000000000000000000e+00
1.000000000000000000e+00
1.000000000000000000e+00
1.000000000000000000e+00
1.000000000000000000e+00
1.000000000000000000e+00
1.000000000000000000e+00
1.000000000000000000e+00
1.000000000000000000e+00
1.000000000000000000e+00
8.200000000000000000e+01
2.000000000000000000e+01
1.052631578947368363e-01
6.170212765957446832e-01
2.397959183673469274e-01
7.317073170731706877e-02
1.603658536585365890e-01
5.263157894736841813e-02
9.197530864197531186e-02
5.802469135802469646e-02
