4.900000000000000000e+01
1.600000000000000000e+01
1.000000000000000000e+00
1.000000000000000000e+00
1.000000000000000000e+00
1.000000000000000000e+00
0.000000000000000000e+00
0.000000000000000000e+00
0.000000000000000000e+00
1.000000000000000000e+00
0.000000000000000000e+00
0.000000000000000000e+00
0.000000000000000000e+00
0.000000000000000000e+00
1.000000000000000000e+00
1.000000000000000000e+00
0.000000000000000000e+00
0.000000000000000000e+00
0.000000000000000000e+00
1.000000000000000000e+00
1.000000000000000000e+00
0.000000000000000000e+00
2.900000000000000000e+01
2.000000000000000000e+01
2.222222222222222099e-01
6.250000000000000000e-01
2.461538461538461675e-01
1.551724137931034253e-01
3.448275862068965747e-01
1.111111111111111049e-01
1.944444444444444475e-01
1.428571428571428492e-01
