1.090000000000000000e+02
3.600000000000000000e+01
1.000000000000000000e+00
1.000000000000000000e+00
1.000000000000000000e+00
1.000000000000000000e+00
1.000000000000000000e+00
1.000000000000000000e+00
1.000000000000000000e+00
1.000000000000000000e+00
0.000000000000000000e+00
1.000000000000000000e+00
1.000000000000000000e+00
1.000000000000000000e+00
1.000000000000000000e+00
1.000000000000000000e+00
1.000000000000000000e+00
1.000000000000000000e+00
1.000000000000000000e+00
1.000000000000000000e+00
1.000000000000000000e+00
1.000000000000000000e+00
5.900000000000000000e+01
2.000000000000000000e+01
1.052631578947368363e-01
5.555555555555555802e-01
2.482758620689655138e-01
8.097928436911489003e-02
1.784121320249776876e-01
5.263157894736841813e-02
9.891107078039927669e-02
6.896551724137930939e-02
