9.700000000000000000e+01
3.200000000000000000e+01
1.000000000000000000e+00
1.000000000000000000e+00
1.000000000000000000e+00
1.000000000000000000e+00
1.000000000000000000e+00
1.000000000000000000e+00
1.000000000000000000e+00
1.000000000000000000e+00
0.000000000000000000e+00
0.000000000000000000e+00
1.000000000000000000e+00
1.000000000000000000e+00
1.000000000000000000e+00
1.000000000000000000e+00
0.000000000000000000e+00
1.000000000000000000e+00
1.000000000000000000e+00
1.000000000000000000e+00
1.000000000000000000e+00
1.000000000000000000e+00
5.300000000000000000e+01
2.000000000000000000e+01
1.176470588235294101e-01
5.625000000000000000e-01
2.480620155038759655e-01
8.962264150943397012e-02
1.975582685904550551e-01
5.882352941176470507e-02
1.097285067873303155e-01
7.692307692307692735e-02
