3.100000000000000000e+01
1.000000000000000000e+01
1.000000000000000000e+00
1.000000000000000000e+00
1.000000000000000000e+00
1.000000000000000000e+00
0.000000000000000000e+00
0.000000000000000000e+00
0.000000000000000000e+00
1.000000000000000000e+00
0.000000000000000000e+00
0.000000000000000000e+00
0.000000000000000000e+00
0.000000000000000000e+00
1.000000000000000000e+00
0.000000000000000000e+00
0.000000000000000000e+00
0.000000000000000000e+00
0.000000000000000000e+00
0.000000000000000000e+00
0.000000000000000000e+00
0.000000000000000000e+00
2.000000000000000000e+01
2.000000000000000000e+01
3.333333333333333148e-01
6.999999999999999556e-01
2.439024390243902385e-01
2.099999999999999645e-01
4.749999999999999778e-01
1.666666666666666574e-01
2.719298245614035214e-01
1.754385964912280604e-01
