1.231000000000000000e+03
3.590000000000000000e+02
1.000000000000000000e+00
1.000000000000000000e+00
1.000000000000000000e+00
1.000000000000000000e+00
1.000000000000000000e+00
1.000000000000000000e+00
1.000000000000000000e+00
1.000000000000000000e+00
1.000000000000000000e+00
1.000000000000000000e+00
1.000000000000000000e+00
0.000000000000000000e+00
0.000000000000000000e+00
1.000000000000000000e+00
1.000000000000000000e+00
1.000000000000000000e+00
0.000000000000000000e+00
1.000000000000000000e+00
1.000000000000000000e+00
0.000000000000000000e+00
6.400000000000000000e+02
2.000000000000000000e+01
1.749999999999999889e-01
6.016713091922005763e-01
2.257861635220125840e-01
9.895833333333332871e-02
1.917968750000000056e-01
8.749999999999999445e-02
1.204029733959311455e-01
7.022691705790297390e-02
