3.600000000000000000e+01
9.000000000000000000e+00
0.000000000000000000e+00
0.000000000000000000e+00
0.000000000000000000e+00
0.000000000000000000e+00
0.000000000000000000e+00
0.000000000000000000e+00
0.000000000000000000e+00
0.000000000000000000e+00
1.000000000000000000e+00
1.000000000000000000e+00
0.000000000000000000e+00
0.000000000000000000e+00
0.000000000000000000e+00
1.000000000000000000e+00
1.000000000000000000e+00
0.000000000000000000e+00
0.000000000000000000e+00
0.000000000000000000e+00
0.000000000000000000e+00
0.000000000000000000e+00
2.400000000000000000e+01
2.000000000000000000e+01
6.666666666666666297e-01
7.777777777777777901e-01
2.000000000000000111e-01
2.916666666666666852e-01
5.937500000000000000e-01
3.333333333333333148e-01
3.913043478260869734e-01
1.956521739130434867e-01
