5.980000000000000000e+02
1.740000000000000000e+02
1.000000000000000000e+00
0.000000000000000000e+00
1.000000000000000000e+00
1.000000000000000000e+00
1.000000000000000000e+00
1.000000000000000000e+00
0.000000000000000000e+00
1.000000000000000000e+00
1.000000000000000000e+00
1.000000000000000000e+00
1.000000000000000000e+00
0.000000000000000000e+00
0.000000000000000000e+00
0.000000000000000000e+00
1.000000000000000000e+00
1.000000000000000000e+00
0.000000000000000000e+00
0.000000000000000000e+00
0.000000000000000000e+00
0.000000000000000000e+00
3.430000000000000000e+02
2.000000000000000000e+01
2.363636363636363591e-01
6.609195402298850830e-01
2.253886010362694259e-01
1.250728862973760902e-01
2.536443148688046767e-01
1.181818181818181795e-01
1.589580010632642149e-01
1.017543859649122917e-01
