1.079000000000000000e+03
3.150000000000000000e+02
0.000000000000000000e+00
0.000000000000000000e+00
0.000000000000000000e+00
1.000000000000000000e+00
1.000000000000000000e+00
1.000000000000000000e+00
0.000000000000000000e+00
1.000000000000000000e+00
1.000000000000000000e+00
1.000000000000000000e+00
1.000000000000000000e+00
1.000000000000000000e+00
1.000000000000000000e+00
1.000000000000000000e+00
1.000000000000000000e+00
1.000000000000000000e+00
1.000000000000000000e+00
1.000000000000000000e+00
1.000000000000000000e+00
1.000000000000000000e+00
5.720000000000000000e+02
2.000000000000000000e+01
1.833333333333333204e-01
6.095238095238095788e-01
2.259684361549497977e-01
9.580419580419580194e-02
1.882648601398601296e-01
9.166666666666666019e-02
1.181042031523642788e-01
6.895796847635726756e-02
