2.680000000000000000e+02
7.800000000000000000e+01
0.000000000000000000e+00
0.000000000000000000e+00
0.000000000000000000e+00
1.000000000000000000e+00
1.000000000000000000e+00
1.000000000000000000e+00
0.000000000000000000e+00
1.000000000000000000e+00
1.000000000000000000e+00
1.000000000000000000e+00
1.000000000000000000e+00
0.000000000000000000e+00
0.000000000000000000e+00
0.000000000000000000e+00
1.000000000000000000e+00
0.000000000000000000e+00
0.000000000000000000e+00
0.000000000000000000e+00
0.000000000000000000e+00
0.000000000000000000e+00
2.010000000000000000e+02
2.000000000000000000e+01
2.857142857142856984e-01
8.461538461538461453e-01
2.254335260115606920e-01
1.030561478322672281e-01
2.686567164179104461e-01
1.428571428571428492e-01
1.675000000000000100e-01
9.750000000000000333e-02
