7.200000000000000000e+02
2.120000000000000000e+02
0.000000000000000000e+00
0.000000000000000000e+00
0.000000000000000000e+00
1.000000000000000000e+00
1.000000000000000000e+00
1.000000000000000000e+00
0.000000000000000000e+00
0.000000000000000000e+00
1.000000000000000000e+00
1.000000000000000000e+00
1.000000000000000000e+00
1.000000000000000000e+00
0.000000000000000000e+00
1.000000000000000000e+00
1.000000000000000000e+00
1.000000000000000000e+00
1.000000000000000000e+00
0.000000000000000000e+00
0.000000000000000000e+00
1.000000000000000000e+00
4.370000000000000000e+02
2.000000000000000000e+01
2.272727272727272652e-01
6.933962264150943522e-01
2.274678111587982721e-01
1.029748283752860288e-01
2.204424103737605001e-01
1.136363636363636326e-01
1.376146788990825764e-01
8.103975535168196631e-02
