2.153000000000000000e+03
6.360000000000000000e+02
1.000000000000000000e+00
1.000000000000000000e+00
1.000000000000000000e+00
1.000000000000000000e+00
1.000000000000000000e+00
1.000000000000000000e+00
1.000000000000000000e+00
1.000000000000000000e+00
1.000000000000000000e+00
1.000000000000000000e+00
1.000000000000000000e+00
1.000000000000000000e+00
1.000000000000000000e+00
1.000000000000000000e+00
1.000000000000000000e+00
1.000000000000000000e+00
1.000000000000000000e+00
1.000000000000000000e+00
1.000000000000000000e+00
1.000000000000000000e+00
9.200000000000000000e+02
2.000000000000000000e+01
1.473684210526315652e-01
4.905660377358490587e-01
2.280387235568304138e-01
1.069221967963386727e-01
1.871739130434782739e-01
7.368421052631578261e-02
1.171381936887921638e-01
6.920565832426550656e-02
