1.770000000000000000e+02
4.100000000000000000e+01
1.000000000000000000e+00
1.000000000000000000e+00
1.000000000000000000e+00
1.000000000000000000e+00
1.000000000000000000e+00
1.000000000000000000e+00
1.000000000000000000e+00
1.000000000000000000e+00
1.000000000000000000e+00
1.000000000000000000e+00
1.000000000000000000e+00
1.000000000000000000e+00
1.000000000000000000e+00
1.000000000000000000e+00
1.000000000000000000e+00
1.000000000000000000e+00
1.000000000000000000e+00
1.000000000000000000e+00
0.000000000000000000e+00
1.000000000000000000e+00
1.140000000000000000e+02
2.000000000000000000e+01
1.052631578947368363e-01
9.268292682926829729e-01
1.880733944954128545e-01
5.068226120857699524e-02
1.278855032317636198e-01
5.263157894736841813e-02
8.244061481136469305e-02
4.031465093411996242e-02
