1.420000000000000000e+02
3.300000000000000000e+01
1.000000000000000000e+00
1.000000000000000000e+00
1.000000000000000000e+00
1.000000000000000000e+00
1.000000000000000000e+00
1.000000000000000000e+00
1.000000000000000000e+00
1.000000000000000000e+00
1.000000000000000000e+00
1.000000000000000000e+00
1.000000000000000000e+00
1.000000000000000000e+00
0.000000000000000000e+00
1.000000000000000000e+00
1.000000000000000000e+00
1.000000000000000000e+00
0.000000000000000000e+00
1.000000000000000000e+00
1.000000000000000000e+00
0.000000000000000000e+00
8.200000000000000000e+01
2.000000000000000000e+01
1.176470588235294101e-01
8.181818181818182323e-01
1.885714285714285843e-01
7.088414634146342208e-02
1.606886657101865012e-01
5.882352941176470507e-02
1.031227305737109634e-01
5.092592592592592310e-02
