1.610000000000000000e+02
3.700000000000000000e+01
0.000000000000000000e+00
1.000000000000000000e+00
0.000000000000000000e+00
1.000000000000000000e+00
1.000000000000000000e+00
1.000000000000000000e+00
1.000000000000000000e+00
1.000000000000000000e+00
1.000000000000000000e+00
1.000000000000000000e+00
1.000000000000000000e+00
1.000000000000000000e+00
1.000000000000000000e+00
1.000000000000000000e+00
1.000000000000000000e+00
1.000000000000000000e+00
1.000000000000000000e+00
1.000000000000000000e+00
1.000000000000000000e+00
1.000000000000000000e+00
9.700000000000000000e+01
2.000000000000000000e+01
1.176470588235294101e-01
8.648648648648649129e-01
1.868686868686868785e-01
6.124924196482715855e-02
1.443298969072164817e-01
5.882352941176470507e-02
9.317129629629629373e-02
4.282407407407407690e-02
