1.190000000000000000e+02
2.800000000000000000e+01
0.000000000000000000e+00
1.000000000000000000e+00
0.000000000000000000e+00
1.000000000000000000e+00
1.000000000000000000e+00
1.000000000000000000e+00
1.000000000000000000e+00
0.000000000000000000e+00
1.000000000000000000e+00
1.000000000000000000e+00
1.000000000000000000e+00
0.000000000000000000e+00
0.000000000000000000e+00
1.000000000000000000e+00
1.000000000000000000e+00
1.000000000000000000e+00
1.000000000000000000e+00
1.000000000000000000e+00
1.000000000000000000e+00
0.000000000000000000e+00
8.500000000000000000e+01
2.000000000000000000e+01
1.428571428571428492e-01
1.000000000000000000e+00
1.904761904761904656e-01
5.610859728506788213e-02
1.579831932773109182e-01
7.142857142857142461e-02
1.011904761904761918e-01
4.761904761904761640e-02
