4.300000000000000000e+01
9.000000000000000000e+00
0.000000000000000000e+00
0.000000000000000000e+00
0.000000000000000000e+00
0.000000000000000000e+00
0.000000000000000000e+00
0.000000000000000000e+00
0.000000000000000000e+00
0.000000000000000000e+00
1.000000000000000000e+00
1.000000000000000000e+00
0.000000000000000000e+00
0.000000000000000000e+00
0.000000000000000000e+00
1.000000000000000000e+00
1.000000000000000000e+00
1.000000000000000000e+00
0.000000000000000000e+00
1.000000000000000000e+00
1.000000000000000000e+00
0.000000000000000000e+00
2.900000000000000000e+01
2.000000000000000000e+01
2.857142857142856984e-01
1.000000000000000000e+00
1.730769230769230727e-01
1.321839080459770166e-01
3.300492610837438279e-01
1.428571428571428492e-01
2.193877551020408379e-01
1.071428571428571508e-01
