1.060000000000000000e+02
2.400000000000000000e+01
0.000000000000000000e+00
1.000000000000000000e+00
0.000000000000000000e+00
1.000000000000000000e+00
1.000000000000000000e+00
1.000000000000000000e+00
0.000000000000000000e+00
1.000000000000000000e+00
1.000000000000000000e+00
1.000000000000000000e+00
1.000000000000000000e+00
0.000000000000000000e+00
0.000000000000000000e+00
1.000000000000000000e+00
1.000000000000000000e+00
1.000000000000000000e+00
1.000000000000000000e+00
0.000000000000000000e+00
1.000000000000000000e+00
1.000000000000000000e+00
7.300000000000000000e+01
2.000000000000000000e+01
1.428571428571428492e-01
1.000000000000000000e+00
1.846153846153846256e-01
6.006322444678609263e-02
1.624266144814089929e-01
7.142857142857142461e-02
1.051587301587301598e-01
4.761904761904761640e-02
