8.900000000000000000e+01
2.000000000000000000e+01
0.000000000000000000e+00
0.000000000000000000e+00
0.000000000000000000e+00
1.000000000000000000e+00
1.000000000000000000e+00
1.000000000000000000e+00
0.000000000000000000e+00
1.000000000000000000e+00
1.000000000000000000e+00
1.000000000000000000e+00
1.000000000000000000e+00
1.000000000000000000e+00
0.000000000000000000e+00
1.000000000000000000e+00
1.000000000000000000e+00
1.000000000000000000e+00
1.000000000000000000e+00
0.000000000000000000e+00
0.000000000000000000e+00
0.000000000000000000e+00
6.100000000000000000e+01
2.000000000000000000e+01
1.666666666666666574e-01
1.000000000000000000e+00
1.834862385321101019e-01
7.153502235469448578e-02
1.912568306010928865e-01
8.333333333333332871e-02
1.236111111111111160e-01
5.555555555555555247e-02
