1.870000000000000000e+02
4.600000000000000000e+01
1.000000000000000000e+00
1.000000000000000000e+00
1.000000000000000000e+00
1.000000000000000000e+00
1.000000000000000000e+00
1.000000000000000000e+00
1.000000000000000000e+00
1.000000000000000000e+00
1.000000000000000000e+00
1.000000000000000000e+00
1.000000000000000000e+00
1.000000000000000000e+00
1.000000000000000000e+00
1.000000000000000000e+00
1.000000000000000000e+00
1.000000000000000000e+00
1.000000000000000000e+00
1.000000000000000000e+00
1.000000000000000000e+00
1.000000000000000000e+00
1.180000000000000000e+02
2.000000000000000000e+01
1.052631578947368363e-01
8.695652173913043237e-01
1.974248927038626533e-01
5.129348795718109005e-02
1.262711864406779738e-01
5.263157894736841813e-02
7.991452991452992205e-02
3.931623931623931534e-02
