3.400000000000000000e+01
8.000000000000000000e+00
1.000000000000000000e+00
1.000000000000000000e+00
1.000000000000000000e+00
1.000000000000000000e+00
0.000000000000000000e+00
0.000000000000000000e+00
0.000000000000000000e+00
1.000000000000000000e+00
0.000000000000000000e+00
0.000000000000000000e+00
0.000000000000000000e+00
0.000000000000000000e+00
1.000000000000000000e+00
1.000000000000000000e+00
0.000000000000000000e+00
0.000000000000000000e+00
0.000000000000000000e+00
1.000000000000000000e+00
1.000000000000000000e+00
0.000000000000000000e+00
2.700000000000000000e+01
2.000000000000000000e+01
2.222222222222222099e-01
1.000000000000000000e+00
1.904761904761904656e-01
6.944444444444444753e-02
2.427983539094650256e-01
1.111111111111111049e-01
1.452991452991453103e-01
7.692307692307692735e-02
