5.000000000000000000e+01
1.200000000000000000e+01
1.000000000000000000e+00
1.000000000000000000e+00
1.000000000000000000e+00
1.000000000000000000e+00
0.000000000000000000e+00
0.000000000000000000e+00
0.000000000000000000e+00
1.000000000000000000e+00
0.000000000000000000e+00
0.000000000000000000e+00
0.000000000000000000e+00
1.000000000000000000e+00
1.000000000000000000e+00
1.000000000000000000e+00
0.000000000000000000e+00
1.000000000000000000e+00
1.000000000000000000e+00
1.000000000000000000e+00
1.000000000000000000e+00
1.000000000000000000e+00
3.900000000000000000e+01
2.000000000000000000e+01
1.538461538461538547e-01
1.000000000000000000e+00
1.935483870967741882e-01
4.914529914529913723e-02
1.715976331360946627e-01
7.692307692307692735e-02
1.012145748987854366e-01
5.263157894736841813e-02
