6.200000000000000000e+01
1.500000000000000000e+01
1.000000000000000000e+00
1.000000000000000000e+00
1.000000000000000000e+00
1.000000000000000000e+00
1.000000000000000000e+00
1.000000000000000000e+00
1.000000000000000000e+00
1.000000000000000000e+00
0.000000000000000000e+00
0.000000000000000000e+00
0.000000000000000000e+00
1.000000000000000000e+00
1.000000000000000000e+00
1.000000000000000000e+00
0.000000000000000000e+00
1.000000000000000000e+00
1.000000000000000000e+00
1.000000000000000000e+00
1.000000000000000000e+00
1.000000000000000000e+00
4.800000000000000000e+01
2.000000000000000000e+01
1.250000000000000000e-01
1.000000000000000000e+00
1.948051948051948146e-01
4.027777777777778040e-02
1.406250000000000000e-01
6.250000000000000000e-02
8.244680851063829197e-02
3.989361702127659781e-02
