3.000000000000000000e+01
7.000000000000000000e+00
0.000000000000000000e+00
0.000000000000000000e+00
0.000000000000000000e+00
0.000000000000000000e+00
0.000000000000000000e+00
1.000000000000000000e+00
1.000000000000000000e+00
0.000000000000000000e+00
0.000000000000000000e+00
0.000000000000000000e+00
0.000000000000000000e+00
1.000000000000000000e+00
0.000000000000000000e+00
0.000000000000000000e+00
0.000000000000000000e+00
1.000000000000000000e+00
1.000000000000000000e+00
1.000000000000000000e+00
1.000000000000000000e+00
1.000000000000000000e+00
2.400000000000000000e+01
2.000000000000000000e+01
2.500000000000000000e-01
1.000000000000000000e+00
1.891891891891891997e-01
7.738095238095239747e-02
2.708333333333333148e-01
1.250000000000000000e-01
1.630434782608695676e-01
7.608695652173913526e-02
