2.600000000000000000e+01
6.000000000000000000e+00
0.000000000000000000e+00
0.000000000000000000e+00
0.000000000000000000e+00
0.000000000000000000e+00
0.000000000000000000e+00
0.000000000000000000e+00
1.000000000000000000e+00
0.000000000000000000e+00
0.000000000000000000e+00
0.000000000000000000e+00
0.000000000000000000e+00
1.000000000000000000e+00
0.000000000000000000e+00
0.000000000000000000e+00
0.000000000000000000e+00
1.000000000000000000e+00
1.000000000000000000e+00
1.000000000000000000e+00
1.000000000000000000e+00
1.000000000000000000e+00
2.100000000000000000e+01
2.000000000000000000e+01
2.857142857142856984e-01
1.000000000000000000e+00
1.875000000000000000e-01
8.730158730158728286e-02
3.061224489795918435e-01
1.428571428571428492e-01
1.857142857142857206e-01
9.999999999999999167e-02
