7.400000000000000000e+01
2.800000000000000000e+01
1.000000000000000000e+00
1.000000000000000000e+00
1.000000000000000000e+00
1.000000000000000000e+00
1.000000000000000000e+00
1.000000000000000000e+00
1.000000000000000000e+00
1.000000000000000000e+00
1.000000000000000000e+00
1.000000000000000000e+00
1.000000000000000000e+00
1.000000000000000000e+00
1.000000000000000000e+00
1.000000000000000000e+00
1.000000000000000000e+00
1.000000000000000000e+00
1.000000000000000000e+00
1.000000000000000000e+00
1.000000000000000000e+00
1.000000000000000000e+00
2.500000000000000000e+01
2.000000000000000000e+01
1.052631578947368363e-01
3.571428571428571508e-01
2.745098039215686514e-01
1.621052631578947523e-01
2.979999999999999871e-01
5.263157894736841813e-02
1.541666666666666741e-01
1.166666666666666685e-01
