5.980000000000000000e+02
2.090000000000000000e+02
0.000000000000000000e+00
1.000000000000000000e+00
0.000000000000000000e+00
1.000000000000000000e+00
1.000000000000000000e+00
1.000000000000000000e+00
0.000000000000000000e+00
0.000000000000000000e+00
1.000000000000000000e+00
1.000000000000000000e+00
1.000000000000000000e+00
0.000000000000000000e+00
0.000000000000000000e+00
0.000000000000000000e+00
1.000000000000000000e+00
0.000000000000000000e+00
0.000000000000000000e+00
0.000000000000000000e+00
0.000000000000000000e+00
0.000000000000000000e+00
4.260000000000000000e+02
2.000000000000000000e+01
3.214285714285714524e-01
7.416267942583731898e-01
2.589838909541511969e-01
1.277665995975854896e-01
3.001760563380281854e-01
1.607142857142857262e-01
1.758823529411764619e-01
1.229411764705882343e-01
