7.610000000000000000e+02
2.630000000000000000e+02
0.000000000000000000e+00
1.000000000000000000e+00
0.000000000000000000e+00
1.000000000000000000e+00
1.000000000000000000e+00
1.000000000000000000e+00
0.000000000000000000e+00
0.000000000000000000e+00
1.000000000000000000e+00
1.000000000000000000e+00
1.000000000000000000e+00
0.000000000000000000e+00
0.000000000000000000e+00
0.000000000000000000e+00
1.000000000000000000e+00
0.000000000000000000e+00
0.000000000000000000e+00
0.000000000000000000e+00
0.000000000000000000e+00
0.000000000000000000e+00
5.360000000000000000e+02
2.000000000000000000e+01
3.214285714285714524e-01
7.148288973384030465e-01
2.568359375000000000e-01
1.300639658848614100e-01
3.020055970149253532e-01
1.607142857142857262e-01
1.778037383177570041e-01
1.228971962616822455e-01
