1.690000000000000000e+02
5.400000000000000000e+01
0.000000000000000000e+00
0.000000000000000000e+00
0.000000000000000000e+00
0.000000000000000000e+00
0.000000000000000000e+00
1.000000000000000000e+00
1.000000000000000000e+00
0.000000000000000000e+00
0.000000000000000000e+00
1.000000000000000000e+00
1.000000000000000000e+00
1.000000000000000000e+00
0.000000000000000000e+00
0.000000000000000000e+00
0.000000000000000000e+00
0.000000000000000000e+00
0.000000000000000000e+00
0.000000000000000000e+00
0.000000000000000000e+00
0.000000000000000000e+00
1.460000000000000000e+02
2.000000000000000000e+01
5.000000000000000000e-01
9.629629629629629095e-01
2.421524663677130096e-01
1.318493150684931781e-01
3.849315068493150416e-01
2.500000000000000000e-01
2.331034482758621018e-01
1.862068965517241492e-01
