3.680000000000000000e+02
1.440000000000000000e+02
0.000000000000000000e+00
0.000000000000000000e+00
0.000000000000000000e+00
1.000000000000000000e+00
1.000000000000000000e+00
0.000000000000000000e+00
0.000000000000000000e+00
0.000000000000000000e+00
1.000000000000000000e+00
1.000000000000000000e+00
1.000000000000000000e+00
0.000000000000000000e+00
0.000000000000000000e+00
1.000000000000000000e+00
1.000000000000000000e+00
0.000000000000000000e+00
0.000000000000000000e+00
0.000000000000000000e+00
0.000000000000000000e+00
0.000000000000000000e+00
2.730000000000000000e+02
2.000000000000000000e+01
3.809523809523809312e-01
7.291666666666666297e-01
2.812500000000000000e-01
1.459096459096459186e-01
3.469387755102040782e-01
1.904761904761904656e-01
1.932773109243697551e-01
1.764705882352941291e-01
