2.380000000000000000e+02
8.400000000000000000e+01
1.000000000000000000e+00
0.000000000000000000e+00
1.000000000000000000e+00
1.000000000000000000e+00
1.000000000000000000e+00
0.000000000000000000e+00
0.000000000000000000e+00
0.000000000000000000e+00
1.000000000000000000e+00
0.000000000000000000e+00
0.000000000000000000e+00
0.000000000000000000e+00
0.000000000000000000e+00
0.000000000000000000e+00
0.000000000000000000e+00
0.000000000000000000e+00
0.000000000000000000e+00
0.000000000000000000e+00
0.000000000000000000e+00
0.000000000000000000e+00
2.260000000000000000e+02
2.000000000000000000e+01
4.000000000000000222e-01
1.000000000000000000e+00
2.608695652173912971e-01
1.061946902654867242e-01
3.637168141592920234e-01
2.000000000000000111e-01
2.115555555555555522e-01
1.866666666666666752e-01
