1.140000000000000000e+02
5.400000000000000000e+01
0.000000000000000000e+00
0.000000000000000000e+00
0.000000000000000000e+00
0.000000000000000000e+00
0.000000000000000000e+00
0.000000000000000000e+00
0.000000000000000000e+00
0.000000000000000000e+00
1.000000000000000000e+00
0.000000000000000000e+00
0.000000000000000000e+00
0.000000000000000000e+00
1.000000000000000000e+00
1.000000000000000000e+00
1.000000000000000000e+00
0.000000000000000000e+00
0.000000000000000000e+00
1.000000000000000000e+00
0.000000000000000000e+00
0.000000000000000000e+00
1.240000000000000000e+02
2.000000000000000000e+01
4.000000000000000222e-01
1.000000000000000000e+00
3.214285714285714524e-01
8.870967741935481543e-02
3.661290322580645351e-01
2.000000000000000111e-01
1.853658536585365835e-01
2.195121951219512202e-01
