2.320000000000000000e+02
9.500000000000000000e+01
1.000000000000000000e+00
1.000000000000000000e+00
1.000000000000000000e+00
1.000000000000000000e+00
1.000000000000000000e+00
0.000000000000000000e+00
0.000000000000000000e+00
0.000000000000000000e+00
1.000000000000000000e+00
0.000000000000000000e+00
0.000000000000000000e+00
0.000000000000000000e+00
0.000000000000000000e+00
0.000000000000000000e+00
0.000000000000000000e+00
0.000000000000000000e+00
0.000000000000000000e+00
0.000000000000000000e+00
0.000000000000000000e+00
0.000000000000000000e+00
2.110000000000000000e+02
2.000000000000000000e+01
4.000000000000000222e-01
8.842105263157894468e-01
2.905198776758409762e-01
1.099526066350710735e-01
3.380726698262243035e-01
2.000000000000000111e-01
1.841269841269841390e-01
1.507936507936507853e-01
