7.880000000000000000e+02
2.310000000000000000e+02
0.000000000000000000e+00
0.000000000000000000e+00
0.000000000000000000e+00
0.000000000000000000e+00
0.000000000000000000e+00
1.000000000000000000e+00
1.000000000000000000e+00
0.000000000000000000e+00
0.000000000000000000e+00
1.000000000000000000e+00
1.000000000000000000e+00
1.000000000000000000e+00
0.000000000000000000e+00
0.000000000000000000e+00
1.000000000000000000e+00
1.000000000000000000e+00
1.000000000000000000e+00
0.000000000000000000e+00
1.000000000000000000e+00
1.000000000000000000e+00
5.420000000000000000e+02
2.000000000000000000e+01
2.888888888888888618e-01
7.922077922077922496e-01
2.266928361138370873e-01
9.778597785977859169e-02
2.322878228782287724e-01
1.444444444444444309e-01
1.456561922365988970e-01
8.539741219963031815e-02
