1.510000000000000000e+03
4.540000000000000000e+02
0.000000000000000000e+00
0.000000000000000000e+00
0.000000000000000000e+00
1.000000000000000000e+00
1.000000000000000000e+00
1.000000000000000000e+00
1.000000000000000000e+00
1.000000000000000000e+00
1.000000000000000000e+00
1.000000000000000000e+00
1.000000000000000000e+00
1.000000000000000000e+00
1.000000000000000000e+00
1.000000000000000000e+00
1.000000000000000000e+00
1.000000000000000000e+00
1.000000000000000000e+00
0.000000000000000000e+00
0.000000000000000000e+00
0.000000000000000000e+00
9.870000000000000000e+02
2.000000000000000000e+01
2.197802197802197766e-01
7.334801762114537826e-01
2.311608961303462384e-01
7.614371444158678226e-02
1.759299464466637652e-01
1.098901098901098883e-01
1.093885830194146619e-01
6.577803535207185637e-02
