5.060000000000000000e+02
1.450000000000000000e+02
0.000000000000000000e+00
0.000000000000000000e+00
0.000000000000000000e+00
1.000000000000000000e+00
1.000000000000000000e+00
1.000000000000000000e+00
0.000000000000000000e+00
0.000000000000000000e+00
1.000000000000000000e+00
1.000000000000000000e+00
1.000000000000000000e+00
0.000000000000000000e+00
0.000000000000000000e+00
0.000000000000000000e+00
1.000000000000000000e+00
1.000000000000000000e+00
0.000000000000000000e+00
0.000000000000000000e+00
0.000000000000000000e+00
0.000000000000000000e+00
3.710000000000000000e+02
2.000000000000000000e+01
3.571428571428571508e-01
8.758620689655172153e-01
2.227342549923194970e-01
1.078167115902965018e-01
2.705525606469002531e-01
1.785714285714285754e-01
1.709459459459459485e-01
9.797297297297297147e-02
