2.560000000000000000e+02
7.500000000000000000e+01
0.000000000000000000e+00
0.000000000000000000e+00
0.000000000000000000e+00
1.000000000000000000e+00
1.000000000000000000e+00
0.000000000000000000e+00
0.000000000000000000e+00
0.000000000000000000e+00
1.000000000000000000e+00
1.000000000000000000e+00
1.000000000000000000e+00
0.000000000000000000e+00
0.000000000000000000e+00
0.000000000000000000e+00
0.000000000000000000e+00
0.000000000000000000e+00
0.000000000000000000e+00
0.000000000000000000e+00
0.000000000000000000e+00
0.000000000000000000e+00
2.050000000000000000e+02
2.000000000000000000e+01
5.000000000000000000e-01
9.333333333333333481e-01
2.265861027190332333e-01
1.536585365853658791e-01
4.009756097560975840e-01
2.500000000000000000e-01
2.509803921568627416e-01
1.838235294117647189e-01
