8.400000000000000000e+01
3.200000000000000000e+01
1.000000000000000000e+00
1.000000000000000000e+00
1.000000000000000000e+00
1.000000000000000000e+00
1.000000000000000000e+00
0.000000000000000000e+00
0.000000000000000000e+00
1.000000000000000000e+00
1.000000000000000000e+00
1.000000000000000000e+00
0.000000000000000000e+00
0.000000000000000000e+00
0.000000000000000000e+00
0.000000000000000000e+00
0.000000000000000000e+00
0.000000000000000000e+00
0.000000000000000000e+00
0.000000000000000000e+00
0.000000000000000000e+00
0.000000000000000000e+00
3.100000000000000000e+01
2.000000000000000000e+01
2.857142857142856984e-01
3.125000000000000000e-01
2.758620689655172376e-01
3.917050691244239324e-01
6.290322580645161255e-01
1.428571428571428492e-01
3.499999999999999778e-01
2.666666666666666630e-01
