3.470000000000000000e+02
1.020000000000000000e+02
0.000000000000000000e+00
1.000000000000000000e+00
0.000000000000000000e+00
1.000000000000000000e+00
1.000000000000000000e+00
1.000000000000000000e+00
0.000000000000000000e+00
0.000000000000000000e+00
1.000000000000000000e+00
1.000000000000000000e+00
1.000000000000000000e+00
0.000000000000000000e+00
0.000000000000000000e+00
0.000000000000000000e+00
1.000000000000000000e+00
0.000000000000000000e+00
0.000000000000000000e+00
0.000000000000000000e+00
0.000000000000000000e+00
0.000000000000000000e+00
2.250000000000000000e+02
2.000000000000000000e+01
3.214285714285714524e-01
7.450980392156862919e-01
2.271714922048997665e-01
1.422222222222222221e-01
3.105555555555555292e-01
1.607142857142857262e-01
1.936383928571428492e-01
1.138392857142857123e-01
