8.800000000000000000e+01
2.400000000000000000e+01
0.000000000000000000e+00
0.000000000000000000e+00
0.000000000000000000e+00
0.000000000000000000e+00
0.000000000000000000e+00
0.000000000000000000e+00
0.000000000000000000e+00
0.000000000000000000e+00
1.000000000000000000e+00
1.000000000000000000e+00
0.000000000000000000e+00
0.000000000000000000e+00
0.000000000000000000e+00
1.000000000000000000e+00
1.000000000000000000e+00
0.000000000000000000e+00
0.000000000000000000e+00
0.000000000000000000e+00
0.000000000000000000e+00
0.000000000000000000e+00
6.000000000000000000e+01
2.000000000000000000e+01
6.666666666666666297e-01
7.916666666666666297e-01
2.142857142857142738e-01
2.888888888888889173e-01
5.833333333333333703e-01
3.333333333333333148e-01
3.728813559322033955e-01
2.033898305084745894e-01
