9.700000000000000000e+01
2.700000000000000000e+01
0.000000000000000000e+00
0.000000000000000000e+00
0.000000000000000000e+00
1.000000000000000000e+00
1.000000000000000000e+00
0.000000000000000000e+00
0.000000000000000000e+00
0.000000000000000000e+00
1.000000000000000000e+00
1.000000000000000000e+00
0.000000000000000000e+00
0.000000000000000000e+00
0.000000000000000000e+00
0.000000000000000000e+00
0.000000000000000000e+00
0.000000000000000000e+00
0.000000000000000000e+00
0.000000000000000000e+00
0.000000000000000000e+00
0.000000000000000000e+00
6.600000000000000000e+01
2.000000000000000000e+01
6.666666666666666297e-01
7.777777777777777901e-01
2.177419354838709686e-01
2.929292929292929837e-01
5.871212121212121549e-01
3.333333333333333148e-01
3.730769230769230838e-01
2.076923076923077038e-01
