2.572000000000000000e+03
7.510000000000000000e+02
1.000000000000000000e+00
1.000000000000000000e+00
1.000000000000000000e+00
1.000000000000000000e+00
1.000000000000000000e+00
1.000000000000000000e+00
1.000000000000000000e+00
1.000000000000000000e+00
1.000000000000000000e+00
1.000000000000000000e+00
1.000000000000000000e+00
1.000000000000000000e+00
1.000000000000000000e+00
1.000000000000000000e+00
1.000000000000000000e+00
1.000000000000000000e+00
1.000000000000000000e+00
1.000000000000000000e+00
1.000000000000000000e+00
1.000000000000000000e+00
9.170000000000000000e+02
2.000000000000000000e+01
1.578947368421052544e-01
4.114513981358189354e-01
2.260006018657839399e-01
1.380933249153417919e-01
2.232279171210468927e-01
7.894736842105262720e-02
1.403930131004366699e-01
8.198689956331878248e-02
