1.150000000000000000e+02
3.800000000000000000e+01
0.000000000000000000e+00
0.000000000000000000e+00
0.000000000000000000e+00
0.000000000000000000e+00
0.000000000000000000e+00
0.000000000000000000e+00
0.000000000000000000e+00
0.000000000000000000e+00
0.000000000000000000e+00
1.000000000000000000e+00
1.000000000000000000e+00
0.000000000000000000e+00
0.000000000000000000e+00
0.000000000000000000e+00
1.000000000000000000e+00
1.000000000000000000e+00
0.000000000000000000e+00
0.000000000000000000e+00
0.000000000000000000e+00
0.000000000000000000e+00
9.100000000000000000e+01
2.000000000000000000e+01
6.666666666666666297e-01
8.421052631578946901e-01
2.483660130718954306e-01
2.271062271062271043e-01
5.357142857142856984e-01
3.333333333333333148e-01
3.194444444444444198e-01
2.111111111111111105e-01
