1.740000000000000000e+02
6.100000000000000000e+01
0.000000000000000000e+00
0.000000000000000000e+00
0.000000000000000000e+00
0.000000000000000000e+00
0.000000000000000000e+00
1.000000000000000000e+00
1.000000000000000000e+00
0.000000000000000000e+00
0.000000000000000000e+00
1.000000000000000000e+00
1.000000000000000000e+00
1.000000000000000000e+00
0.000000000000000000e+00
0.000000000000000000e+00
0.000000000000000000e+00
1.000000000000000000e+00
0.000000000000000000e+00
0.000000000000000000e+00
0.000000000000000000e+00
0.000000000000000000e+00
1.570000000000000000e+02
2.000000000000000000e+01
4.000000000000000222e-01
9.508196721311474864e-01
2.595744680851063690e-01
9.936305732484074227e-02
3.195329087048832117e-01
2.000000000000000111e-01
1.858974358974359031e-01
1.303418803418803507e-01
