2.970000000000000000e+02
1.040000000000000000e+02
0.000000000000000000e+00
0.000000000000000000e+00
0.000000000000000000e+00
1.000000000000000000e+00
1.000000000000000000e+00
1.000000000000000000e+00
0.000000000000000000e+00
0.000000000000000000e+00
1.000000000000000000e+00
1.000000000000000000e+00
1.000000000000000000e+00
0.000000000000000000e+00
0.000000000000000000e+00
0.000000000000000000e+00
1.000000000000000000e+00
0.000000000000000000e+00
0.000000000000000000e+00
0.000000000000000000e+00
0.000000000000000000e+00
0.000000000000000000e+00
2.390000000000000000e+02
2.000000000000000000e+01
3.809523809523809312e-01
8.365384615384615641e-01
2.593516209476309231e-01
1.129707112970711469e-01
3.054393305439330741e-01
1.904761904761904656e-01
1.782713085234093608e-01
1.456582633053221387e-01
