4.900000000000000000e+01
1.300000000000000000e+01
0.000000000000000000e+00
0.000000000000000000e+00
0.000000000000000000e+00
0.000000000000000000e+00
0.000000000000000000e+00
0.000000000000000000e+00
0.000000000000000000e+00
0.000000000000000000e+00
1.000000000000000000e+00
1.000000000000000000e+00
0.000000000000000000e+00
0.000000000000000000e+00
0.000000000000000000e+00
1.000000000000000000e+00
1.000000000000000000e+00
1.000000000000000000e+00
0.000000000000000000e+00
0.000000000000000000e+00
0.000000000000000000e+00
0.000000000000000000e+00
4.000000000000000000e+01
2.000000000000000000e+01
5.000000000000000000e-01
1.000000000000000000e+00
2.096774193548387177e-01
1.375000000000000111e-01
3.900000000000000133e-01
2.500000000000000000e-01
2.512820512820512775e-01
1.666666666666666574e-01
