2.069000000000000000e+03
6.000000000000000000e+02
0.000000000000000000e+00
1.000000000000000000e+00
1.000000000000000000e+00
1.000000000000000000e+00
1.000000000000000000e+00
1.000000000000000000e+00
1.000000000000000000e+00
1.000000000000000000e+00
1.000000000000000000e+00
1.000000000000000000e+00
1.000000000000000000e+00
1.000000000000000000e+00
1.000000000000000000e+00
1.000000000000000000e+00
1.000000000000000000e+00
1.000000000000000000e+00
1.000000000000000000e+00
1.000000000000000000e+00
1.000000000000000000e+00
1.000000000000000000e+00
9.420000000000000000e+02
2.000000000000000000e+01
1.637426900584795231e-01
5.333333333333333259e-01
2.248032971150243642e-01
1.018518518518518601e-01
1.835959325064253078e-01
8.187134502923976154e-02
1.157223558364561811e-01
7.084661707403470954e-02
