1.476000000000000000e+03
4.290000000000000000e+02
0.000000000000000000e+00
0.000000000000000000e+00
0.000000000000000000e+00
1.000000000000000000e+00
1.000000000000000000e+00
1.000000000000000000e+00
1.000000000000000000e+00
1.000000000000000000e+00
1.000000000000000000e+00
1.000000000000000000e+00
1.000000000000000000e+00
1.000000000000000000e+00
1.000000000000000000e+00
1.000000000000000000e+00
1.000000000000000000e+00
1.000000000000000000e+00
0.000000000000000000e+00
1.000000000000000000e+00
1.000000000000000000e+00
0.000000000000000000e+00
7.760000000000000000e+02
2.000000000000000000e+01
1.904761904761904656e-01
6.107226107226106926e-01
2.251968503937007982e-01
1.039212076583210659e-01
2.017182130584192490e-01
9.523809523809523281e-02
1.269677419354838799e-01
7.907834101382489600e-02
