1.171000000000000000e+03
3.370000000000000000e+02
0.000000000000000000e+00
0.000000000000000000e+00
0.000000000000000000e+00
1.000000000000000000e+00
1.000000000000000000e+00
1.000000000000000000e+00
0.000000000000000000e+00
1.000000000000000000e+00
1.000000000000000000e+00
1.000000000000000000e+00
1.000000000000000000e+00
1.000000000000000000e+00
1.000000000000000000e+00
1.000000000000000000e+00
1.000000000000000000e+00
1.000000000000000000e+00
1.000000000000000000e+00
1.000000000000000000e+00
0.000000000000000000e+00
0.000000000000000000e+00
5.780000000000000000e+02
2.000000000000000000e+01
2.087912087912087988e-01
5.756676557863501520e-01
2.234748010610079494e-01
1.237689645994144300e-01
2.296094908551656044e-01
1.043956043956043994e-01
1.449616241643971459e-01
8.343649418172814636e-02
