1.992000000000000000e+03
5.800000000000000000e+02
1.000000000000000000e+00
1.000000000000000000e+00
1.000000000000000000e+00
1.000000000000000000e+00
1.000000000000000000e+00
1.000000000000000000e+00
0.000000000000000000e+00
1.000000000000000000e+00
1.000000000000000000e+00
1.000000000000000000e+00
1.000000000000000000e+00
1.000000000000000000e+00
1.000000000000000000e+00
1.000000000000000000e+00
1.000000000000000000e+00
1.000000000000000000e+00
1.000000000000000000e+00
1.000000000000000000e+00
1.000000000000000000e+00
1.000000000000000000e+00
8.980000000000000000e+02
2.000000000000000000e+01
1.637426900584795231e-01
5.275862068965517793e-01
2.255054432348367055e-01
1.035634743875278457e-01
1.856757707185558437e-01
8.187134502923976154e-02
1.168808308396409035e-01
7.184441967050662903e-02
