1.015000000000000000e+03
2.940000000000000000e+02
1.000000000000000000e+00
0.000000000000000000e+00
0.000000000000000000e+00
1.000000000000000000e+00
1.000000000000000000e+00
1.000000000000000000e+00
1.000000000000000000e+00
1.000000000000000000e+00
1.000000000000000000e+00
1.000000000000000000e+00
1.000000000000000000e+00
1.000000000000000000e+00
0.000000000000000000e+00
1.000000000000000000e+00
1.000000000000000000e+00
1.000000000000000000e+00
1.000000000000000000e+00
0.000000000000000000e+00
0.000000000000000000e+00
0.000000000000000000e+00
5.570000000000000000e+02
2.000000000000000000e+01
1.978021978021977934e-01
6.428571428571429047e-01
2.245989304812834320e-01
1.038530589697555517e-01
2.071043857399333110e-01
9.890109890109889668e-02
1.303956834532374043e-01
7.553956834532374320e-02
