2.230000000000000000e+02
6.100000000000000000e+01
0.000000000000000000e+00
1.000000000000000000e+00
0.000000000000000000e+00
0.000000000000000000e+00
1.000000000000000000e+00
0.000000000000000000e+00
0.000000000000000000e+00
0.000000000000000000e+00
1.000000000000000000e+00
1.000000000000000000e+00
1.000000000000000000e+00
0.000000000000000000e+00
0.000000000000000000e+00
1.000000000000000000e+00
1.000000000000000000e+00
0.000000000000000000e+00
0.000000000000000000e+00
0.000000000000000000e+00
0.000000000000000000e+00
0.000000000000000000e+00
1.550000000000000000e+02
2.000000000000000000e+01
3.333333333333333148e-01
8.360655737704918433e-01
2.147887323943661886e-01
1.387096774193548321e-01
3.235023041474654470e-01
1.666666666666666574e-01
2.068645640074211478e-01
1.320346320346320323e-01
