5.250000000000000000e+02
1.540000000000000000e+02
0.000000000000000000e+00
0.000000000000000000e+00
1.000000000000000000e+00
1.000000000000000000e+00
1.000000000000000000e+00
1.000000000000000000e+00
0.000000000000000000e+00
1.000000000000000000e+00
1.000000000000000000e+00
1.000000000000000000e+00
1.000000000000000000e+00
0.000000000000000000e+00
1.000000000000000000e+00
1.000000000000000000e+00
1.000000000000000000e+00
0.000000000000000000e+00
0.000000000000000000e+00
0.000000000000000000e+00
0.000000000000000000e+00
0.000000000000000000e+00
3.070000000000000000e+02
2.000000000000000000e+01
2.727272727272727071e-01
6.753246753246753276e-01
2.268041237113402053e-01
1.211726384364820996e-01
2.493337281610897294e-01
1.363636363636363535e-01
1.559714795008912691e-01
1.006535947712418333e-01
