1.740000000000000000e+02
4.800000000000000000e+01
0.000000000000000000e+00
0.000000000000000000e+00
0.000000000000000000e+00
0.000000000000000000e+00
0.000000000000000000e+00
0.000000000000000000e+00
0.000000000000000000e+00
0.000000000000000000e+00
1.000000000000000000e+00
1.000000000000000000e+00
0.000000000000000000e+00
0.000000000000000000e+00
0.000000000000000000e+00
1.000000000000000000e+00
1.000000000000000000e+00
1.000000000000000000e+00
0.000000000000000000e+00
0.000000000000000000e+00
1.000000000000000000e+00
0.000000000000000000e+00
1.240000000000000000e+02
2.000000000000000000e+01
4.000000000000000222e-01
8.541666666666666297e-01
2.162162162162162282e-01
1.580645161290322454e-01
3.696236559139784994e-01
2.000000000000000111e-01
2.357723577235772139e-01
1.300813008130081438e-01
