6.720000000000000000e+02
1.950000000000000000e+02
0.000000000000000000e+00
0.000000000000000000e+00
0.000000000000000000e+00
1.000000000000000000e+00
1.000000000000000000e+00
1.000000000000000000e+00
0.000000000000000000e+00
1.000000000000000000e+00
1.000000000000000000e+00
1.000000000000000000e+00
1.000000000000000000e+00
1.000000000000000000e+00
0.000000000000000000e+00
1.000000000000000000e+00
1.000000000000000000e+00
1.000000000000000000e+00
0.000000000000000000e+00
0.000000000000000000e+00
0.000000000000000000e+00
0.000000000000000000e+00
4.220000000000000000e+02
2.000000000000000000e+01
2.363636363636363591e-01
7.282051282051281715e-01
2.249134948096885855e-01
1.054502369668246509e-01
2.309349418354157690e-01
1.181818181818181795e-01
1.451090477218743291e-01
9.263657957244655905e-02
