9.030000000000000000e+02
2.620000000000000000e+02
1.000000000000000000e+00
0.000000000000000000e+00
1.000000000000000000e+00
1.000000000000000000e+00
1.000000000000000000e+00
0.000000000000000000e+00
0.000000000000000000e+00
1.000000000000000000e+00
1.000000000000000000e+00
1.000000000000000000e+00
1.000000000000000000e+00
0.000000000000000000e+00
1.000000000000000000e+00
1.000000000000000000e+00
1.000000000000000000e+00
0.000000000000000000e+00
0.000000000000000000e+00
1.000000000000000000e+00
0.000000000000000000e+00
0.000000000000000000e+00
5.280000000000000000e+02
2.000000000000000000e+01
2.121212121212121271e-01
6.793893129770992578e-01
2.248927038626609420e-01
1.096763085399449084e-01
2.269570707070707183e-01
1.060606060606060635e-01
1.427893738140417479e-01
8.285895003162555006e-02
