1.754000000000000000e+03
5.050000000000000000e+02
1.000000000000000000e+00
1.000000000000000000e+00
1.000000000000000000e+00
1.000000000000000000e+00
1.000000000000000000e+00
1.000000000000000000e+00
1.000000000000000000e+00
1.000000000000000000e+00
1.000000000000000000e+00
1.000000000000000000e+00
1.000000000000000000e+00
1.000000000000000000e+00
0.000000000000000000e+00
1.000000000000000000e+00
1.000000000000000000e+00
1.000000000000000000e+00
1.000000000000000000e+00
0.000000000000000000e+00
0.000000000000000000e+00
0.000000000000000000e+00
7.860000000000000000e+02
2.000000000000000000e+01
1.916666666666666796e-01
5.287128712871287384e-01
2.235502434705621821e-01
1.249363867684478435e-01
2.209764631043256988e-01
9.583333333333333981e-02
1.396496815286624171e-01
8.041401273885349921e-02
