5.490000000000000000e+02
1.600000000000000000e+02
0.000000000000000000e+00
0.000000000000000000e+00
0.000000000000000000e+00
0.000000000000000000e+00
1.000000000000000000e+00
0.000000000000000000e+00
0.000000000000000000e+00
1.000000000000000000e+00
1.000000000000000000e+00
1.000000000000000000e+00
1.000000000000000000e+00
0.000000000000000000e+00
1.000000000000000000e+00
1.000000000000000000e+00
1.000000000000000000e+00
0.000000000000000000e+00
0.000000000000000000e+00
1.000000000000000000e+00
1.000000000000000000e+00
0.000000000000000000e+00
3.450000000000000000e+02
2.000000000000000000e+01
2.444444444444444364e-01
7.249999999999999778e-01
2.256699576868829438e-01
1.172302737520128785e-01
2.544927536231884058e-01
1.222222222222222182e-01
1.595930232558139539e-01
9.302325581395348708e-02
