1.740000000000000000e+02
4.900000000000000000e+01
0.000000000000000000e+00
1.000000000000000000e+00
0.000000000000000000e+00
1.000000000000000000e+00
1.000000000000000000e+00
1.000000000000000000e+00
0.000000000000000000e+00
0.000000000000000000e+00
1.000000000000000000e+00
1.000000000000000000e+00
0.000000000000000000e+00
0.000000000000000000e+00
0.000000000000000000e+00
0.000000000000000000e+00
0.000000000000000000e+00
0.000000000000000000e+00
0.000000000000000000e+00
0.000000000000000000e+00
0.000000000000000000e+00
0.000000000000000000e+00
1.300000000000000000e+02
2.000000000000000000e+01
4.000000000000000222e-01
8.775510204081632404e-01
2.197309417040358703e-01
1.430769230769230460e-01
3.551282051282051433e-01
2.000000000000000111e-01
2.248062015503875799e-01
1.266149870801033528e-01
