1.265000000000000000e+03
3.690000000000000000e+02
0.000000000000000000e+00
1.000000000000000000e+00
1.000000000000000000e+00
1.000000000000000000e+00
1.000000000000000000e+00
1.000000000000000000e+00
0.000000000000000000e+00
1.000000000000000000e+00
1.000000000000000000e+00
1.000000000000000000e+00
1.000000000000000000e+00
1.000000000000000000e+00
1.000000000000000000e+00
1.000000000000000000e+00
1.000000000000000000e+00
1.000000000000000000e+00
0.000000000000000000e+00
0.000000000000000000e+00
0.000000000000000000e+00
0.000000000000000000e+00
6.590000000000000000e+02
2.000000000000000000e+01
2.087912087912087988e-01
6.043360433604335613e-01
2.258261933904528729e-01
1.138088012139605448e-01
2.185128983308042561e-01
1.043956043956043994e-01
1.373208858011289724e-01
8.011289622231872187e-02
