1.895000000000000000e+03
5.520000000000000000e+02
1.000000000000000000e+00
1.000000000000000000e+00
0.000000000000000000e+00
1.000000000000000000e+00
1.000000000000000000e+00
1.000000000000000000e+00
0.000000000000000000e+00
1.000000000000000000e+00
1.000000000000000000e+00
1.000000000000000000e+00
1.000000000000000000e+00
1.000000000000000000e+00
1.000000000000000000e+00
1.000000000000000000e+00
1.000000000000000000e+00
1.000000000000000000e+00
1.000000000000000000e+00
1.000000000000000000e+00
1.000000000000000000e+00
1.000000000000000000e+00
8.250000000000000000e+02
2.000000000000000000e+01
1.699346405228758239e-01
5.054347826086956763e-01
2.255823457294646450e-01
1.156506238859179858e-01
2.030303030303030332e-01
8.496732026143791194e-02
1.277642934196332181e-01
7.443365695792880654e-02
