2.530000000000000000e+02
7.200000000000000000e+01
0.000000000000000000e+00
0.000000000000000000e+00
0.000000000000000000e+00
0.000000000000000000e+00
1.000000000000000000e+00
0.000000000000000000e+00
0.000000000000000000e+00
0.000000000000000000e+00
0.000000000000000000e+00
1.000000000000000000e+00
1.000000000000000000e+00
0.000000000000000000e+00
0.000000000000000000e+00
1.000000000000000000e+00
1.000000000000000000e+00
1.000000000000000000e+00
0.000000000000000000e+00
0.000000000000000000e+00
1.000000000000000000e+00
0.000000000000000000e+00
1.870000000000000000e+02
2.000000000000000000e+01
3.333333333333333148e-01
8.750000000000000000e-01
2.215384615384615452e-01
1.229946524064171182e-01
3.078686019862490464e-01
1.666666666666666574e-01
1.943164362519201049e-01
1.290322580645161255e-01
