3.440000000000000000e+02
1.010000000000000000e+02
0.000000000000000000e+00
1.000000000000000000e+00
0.000000000000000000e+00
1.000000000000000000e+00
1.000000000000000000e+00
1.000000000000000000e+00
0.000000000000000000e+00
0.000000000000000000e+00
1.000000000000000000e+00
1.000000000000000000e+00
1.000000000000000000e+00
0.000000000000000000e+00
0.000000000000000000e+00
0.000000000000000000e+00
1.000000000000000000e+00
0.000000000000000000e+00
0.000000000000000000e+00
0.000000000000000000e+00
0.000000000000000000e+00
0.000000000000000000e+00
2.470000000000000000e+02
2.000000000000000000e+01
3.214285714285714524e-01
8.316831683168316447e-01
2.269662921348314655e-01
1.145170618854829403e-01
2.798582995951416907e-01
1.607142857142857262e-01
1.747967479674796820e-01
1.026422764227642309e-01
