6.790000000000000000e+02
2.000000000000000000e+02
0.000000000000000000e+00
0.000000000000000000e+00
0.000000000000000000e+00
0.000000000000000000e+00
1.000000000000000000e+00
1.000000000000000000e+00
0.000000000000000000e+00
0.000000000000000000e+00
0.000000000000000000e+00
1.000000000000000000e+00
1.000000000000000000e+00
1.000000000000000000e+00
0.000000000000000000e+00
1.000000000000000000e+00
1.000000000000000000e+00
1.000000000000000000e+00
1.000000000000000000e+00
0.000000000000000000e+00
1.000000000000000000e+00
1.000000000000000000e+00
4.160000000000000000e+02
2.000000000000000000e+01
2.545454545454545192e-01
6.949999999999999512e-01
2.275312855517633570e-01
1.112980769230769162e-01
2.379807692307692180e-01
1.272727272727272596e-01
1.487404162102957395e-01
9.638554216867470381e-02
