5.280000000000000000e+02
1.650000000000000000e+02
0.000000000000000000e+00
0.000000000000000000e+00
0.000000000000000000e+00
0.000000000000000000e+00
0.000000000000000000e+00
0.000000000000000000e+00
0.000000000000000000e+00
0.000000000000000000e+00
1.000000000000000000e+00
1.000000000000000000e+00
1.000000000000000000e+00
0.000000000000000000e+00
0.000000000000000000e+00
1.000000000000000000e+00
1.000000000000000000e+00
1.000000000000000000e+00
0.000000000000000000e+00
0.000000000000000000e+00
0.000000000000000000e+00
0.000000000000000000e+00
4.710000000000000000e+02
2.000000000000000000e+01
4.666666666666666741e-01
9.696969696969697239e-01
2.380952380952380820e-01
9.426751592356685805e-02
3.053786270346779963e-01
2.333333333333333370e-01
1.872340425531915098e-01
1.170212765957446832e-01
