3.030000000000000000e+02
8.400000000000000000e+01
0.000000000000000000e+00
0.000000000000000000e+00
0.000000000000000000e+00
0.000000000000000000e+00
1.000000000000000000e+00
1.000000000000000000e+00
0.000000000000000000e+00
0.000000000000000000e+00
0.000000000000000000e+00
1.000000000000000000e+00
1.000000000000000000e+00
0.000000000000000000e+00
0.000000000000000000e+00
0.000000000000000000e+00
0.000000000000000000e+00
0.000000000000000000e+00
0.000000000000000000e+00
0.000000000000000000e+00
0.000000000000000000e+00
0.000000000000000000e+00
2.490000000000000000e+02
2.000000000000000000e+01
6.666666666666666297e-01
9.880952380952381375e-01
2.170542635658914699e-01
1.847389558232931661e-01
4.759036144578313032e-01
3.333333333333333148e-01
3.054435483870967527e-01
1.693548387096774077e-01
