3.080000000000000000e+02
8.600000000000000000e+01
0.000000000000000000e+00
0.000000000000000000e+00
0.000000000000000000e+00
0.000000000000000000e+00
0.000000000000000000e+00
0.000000000000000000e+00
0.000000000000000000e+00
0.000000000000000000e+00
0.000000000000000000e+00
1.000000000000000000e+00
1.000000000000000000e+00
0.000000000000000000e+00
0.000000000000000000e+00
0.000000000000000000e+00
1.000000000000000000e+00
1.000000000000000000e+00
0.000000000000000000e+00
0.000000000000000000e+00
0.000000000000000000e+00
0.000000000000000000e+00
2.490000000000000000e+02
2.000000000000000000e+01
6.666666666666666297e-01
9.767441860465115866e-01
2.182741116751268917e-01
1.941097724230254062e-01
4.849397590361445576e-01
3.333333333333333148e-01
3.104838709677419373e-01
1.733870967741935609e-01
