3.620000000000000000e+02
9.800000000000000000e+01
1.000000000000000000e+00
1.000000000000000000e+00
0.000000000000000000e+00
1.000000000000000000e+00
1.000000000000000000e+00
1.000000000000000000e+00
0.000000000000000000e+00
0.000000000000000000e+00
1.000000000000000000e+00
1.000000000000000000e+00
1.000000000000000000e+00
0.000000000000000000e+00
0.000000000000000000e+00
0.000000000000000000e+00
0.000000000000000000e+00
0.000000000000000000e+00
0.000000000000000000e+00
0.000000000000000000e+00
0.000000000000000000e+00
0.000000000000000000e+00
1.750000000000000000e+02
2.000000000000000000e+01
3.571428571428571508e-01
5.918367346938775420e-01
2.130434782608695565e-01
2.326530612244897822e-01
4.035714285714285809e-01
1.785714285714285754e-01
2.600574712643677899e-01
1.408045977011494199e-01
