4.670000000000000000e+02
1.300000000000000000e+02
0.000000000000000000e+00
0.000000000000000000e+00
0.000000000000000000e+00
1.000000000000000000e+00
1.000000000000000000e+00
1.000000000000000000e+00
0.000000000000000000e+00
0.000000000000000000e+00
1.000000000000000000e+00
1.000000000000000000e+00
1.000000000000000000e+00
0.000000000000000000e+00
0.000000000000000000e+00
1.000000000000000000e+00
1.000000000000000000e+00
1.000000000000000000e+00
0.000000000000000000e+00
0.000000000000000000e+00
0.000000000000000000e+00
0.000000000000000000e+00
2.500000000000000000e+02
2.000000000000000000e+01
3.333333333333333148e-01
6.384615384615384137e-01
2.177554438860971608e-01
1.734999999999999876e-01
3.266666666666666607e-01
1.666666666666666574e-01
2.083891120035698263e-01
1.305220883534136678e-01
