1.260000000000000000e+02
3.200000000000000000e+01
0.000000000000000000e+00
0.000000000000000000e+00
0.000000000000000000e+00
1.000000000000000000e+00
1.000000000000000000e+00
0.000000000000000000e+00
0.000000000000000000e+00
0.000000000000000000e+00
1.000000000000000000e+00
1.000000000000000000e+00
0.000000000000000000e+00
0.000000000000000000e+00
0.000000000000000000e+00
1.000000000000000000e+00
1.000000000000000000e+00
0.000000000000000000e+00
0.000000000000000000e+00
0.000000000000000000e+00
0.000000000000000000e+00
0.000000000000000000e+00
6.000000000000000000e+01
2.000000000000000000e+01
4.666666666666666741e-01
5.937500000000000000e-01
2.025316455696202500e-01
3.266666666666666607e-01
5.416666666666666297e-01
2.333333333333333370e-01
3.559322033898305038e-01
1.807909604519774005e-01
