6.100000000000000000e+02
1.890000000000000000e+02
0.000000000000000000e+00
0.000000000000000000e+00
0.000000000000000000e+00
0.000000000000000000e+00
1.000000000000000000e+00
1.000000000000000000e+00
0.000000000000000000e+00
0.000000000000000000e+00
1.000000000000000000e+00
1.000000000000000000e+00
1.000000000000000000e+00
1.000000000000000000e+00
0.000000000000000000e+00
0.000000000000000000e+00
1.000000000000000000e+00
1.000000000000000000e+00
0.000000000000000000e+00
0.000000000000000000e+00
0.000000000000000000e+00
0.000000000000000000e+00
4.350000000000000000e+02
2.000000000000000000e+01
3.214285714285714524e-01
8.201058201058201158e-01
2.365456821026282741e-01
1.195402298850574835e-01
2.862068965517241548e-01
1.607142857142857262e-01
1.756912442396313390e-01
1.088709677419354843e-01
