3.020000000000000000e+02
9.500000000000000000e+01
0.000000000000000000e+00
0.000000000000000000e+00
0.000000000000000000e+00
0.000000000000000000e+00
1.000000000000000000e+00
0.000000000000000000e+00
0.000000000000000000e+00
0.000000000000000000e+00
1.000000000000000000e+00
1.000000000000000000e+00
1.000000000000000000e+00
0.000000000000000000e+00
0.000000000000000000e+00
0.000000000000000000e+00
1.000000000000000000e+00
1.000000000000000000e+00
0.000000000000000000e+00
0.000000000000000000e+00
0.000000000000000000e+00
0.000000000000000000e+00
2.400000000000000000e+02
2.000000000000000000e+01
4.000000000000000222e-01
8.736842105263158409e-01
2.392947103274559173e-01
1.308333333333333015e-01
3.458333333333333259e-01
2.000000000000000111e-01
2.105997210599721281e-01
1.324965132496513098e-01
