1.730000000000000000e+02
5.400000000000000000e+01
0.000000000000000000e+00
0.000000000000000000e+00
0.000000000000000000e+00
1.000000000000000000e+00
1.000000000000000000e+00
0.000000000000000000e+00
0.000000000000000000e+00
0.000000000000000000e+00
1.000000000000000000e+00
1.000000000000000000e+00
1.000000000000000000e+00
0.000000000000000000e+00
0.000000000000000000e+00
0.000000000000000000e+00
1.000000000000000000e+00
0.000000000000000000e+00
0.000000000000000000e+00
0.000000000000000000e+00
0.000000000000000000e+00
0.000000000000000000e+00
1.390000000000000000e+02
2.000000000000000000e+01
4.000000000000000222e-01
9.814814814814815103e-01
2.378854625550660684e-01
1.266187050359712241e-01
3.429256594724220397e-01
2.000000000000000111e-01
2.089371980676328622e-01
1.304347826086956486e-01
