4.750000000000000000e+02
1.440000000000000000e+02
0.000000000000000000e+00
1.000000000000000000e+00
0.000000000000000000e+00
1.000000000000000000e+00
1.000000000000000000e+00
1.000000000000000000e+00
0.000000000000000000e+00
0.000000000000000000e+00
1.000000000000000000e+00
1.000000000000000000e+00
1.000000000000000000e+00
0.000000000000000000e+00
0.000000000000000000e+00
0.000000000000000000e+00
0.000000000000000000e+00
0.000000000000000000e+00
0.000000000000000000e+00
0.000000000000000000e+00
0.000000000000000000e+00
0.000000000000000000e+00
3.270000000000000000e+02
2.000000000000000000e+01
3.809523809523809312e-01
8.055555555555555802e-01
2.326332794830371642e-01
1.488277268093781691e-01
3.363914373088685017e-01
1.904761904761904656e-01
2.081507449605609072e-01
1.472392638036809920e-01
