4.540000000000000000e+02
1.360000000000000000e+02
0.000000000000000000e+00
0.000000000000000000e+00
0.000000000000000000e+00
1.000000000000000000e+00
1.000000000000000000e+00
0.000000000000000000e+00
0.000000000000000000e+00
1.000000000000000000e+00
1.000000000000000000e+00
1.000000000000000000e+00
0.000000000000000000e+00
0.000000000000000000e+00
0.000000000000000000e+00
1.000000000000000000e+00
1.000000000000000000e+00
0.000000000000000000e+00
0.000000000000000000e+00
0.000000000000000000e+00
0.000000000000000000e+00
0.000000000000000000e+00
2.850000000000000000e+02
2.000000000000000000e+01
3.809523809523809312e-01
7.573529411764705621e-01
2.305084745762711884e-01
1.783625730994152503e-01
3.674185463659148110e-01
1.904761904761904656e-01
2.283702213279678317e-01
1.596244131455399062e-01
