3.100000000000000000e+02
9.100000000000000000e+01
0.000000000000000000e+00
0.000000000000000000e+00
0.000000000000000000e+00
0.000000000000000000e+00
0.000000000000000000e+00
0.000000000000000000e+00
0.000000000000000000e+00
0.000000000000000000e+00
1.000000000000000000e+00
1.000000000000000000e+00
0.000000000000000000e+00
0.000000000000000000e+00
0.000000000000000000e+00
1.000000000000000000e+00
1.000000000000000000e+00
1.000000000000000000e+00
0.000000000000000000e+00
0.000000000000000000e+00
1.000000000000000000e+00
0.000000000000000000e+00
2.120000000000000000e+02
2.000000000000000000e+01
4.000000000000000222e-01
8.351648351648351953e-01
2.269326683291770508e-01
1.783018867924528461e-01
3.915094339622641750e-01
2.000000000000000111e-01
2.448657187993681095e-01
1.437598736176935177e-01
