1.720000000000000000e+02
5.400000000000000000e+01
0.000000000000000000e+00
1.000000000000000000e+00
0.000000000000000000e+00
1.000000000000000000e+00
1.000000000000000000e+00
1.000000000000000000e+00
0.000000000000000000e+00
0.000000000000000000e+00
0.000000000000000000e+00
1.000000000000000000e+00
0.000000000000000000e+00
0.000000000000000000e+00
0.000000000000000000e+00
0.000000000000000000e+00
0.000000000000000000e+00
0.000000000000000000e+00
0.000000000000000000e+00
0.000000000000000000e+00
0.000000000000000000e+00
0.000000000000000000e+00
1.400000000000000000e+02
2.000000000000000000e+01
4.000000000000000222e-01
1.000000000000000000e+00
2.389380530973451433e-01
1.535714285714285809e-01
4.071428571428571397e-01
2.000000000000000111e-01
2.474820143884892132e-01
1.942446043165467762e-01
