6.800000000000000000e+01
1.900000000000000000e+01
0.000000000000000000e+00
0.000000000000000000e+00
1.000000000000000000e+00
1.000000000000000000e+00
0.000000000000000000e+00
0.000000000000000000e+00
0.000000000000000000e+00
0.000000000000000000e+00
1.000000000000000000e+00
0.000000000000000000e+00
0.000000000000000000e+00
0.000000000000000000e+00
0.000000000000000000e+00
0.000000000000000000e+00
0.000000000000000000e+00
0.000000000000000000e+00
0.000000000000000000e+00
0.000000000000000000e+00
0.000000000000000000e+00
0.000000000000000000e+00
5.800000000000000000e+01
2.000000000000000000e+01
6.666666666666666297e-01
1.000000000000000000e+00
2.183908045977011603e-01
2.500000000000000000e-01
6.264367816091953589e-01
3.333333333333333148e-01
3.976608187134502703e-01
3.333333333333333148e-01
