4.450000000000000000e+02
1.370000000000000000e+02
0.000000000000000000e+00
0.000000000000000000e+00
0.000000000000000000e+00
0.000000000000000000e+00
1.000000000000000000e+00
1.000000000000000000e+00
0.000000000000000000e+00
0.000000000000000000e+00
0.000000000000000000e+00
1.000000000000000000e+00
1.000000000000000000e+00
1.000000000000000000e+00
0.000000000000000000e+00
0.000000000000000000e+00
1.000000000000000000e+00
1.000000000000000000e+00
0.000000000000000000e+00
0.000000000000000000e+00
0.000000000000000000e+00
0.000000000000000000e+00
2.860000000000000000e+02
2.000000000000000000e+01
3.809523809523809312e-01
7.226277372262773779e-01
2.353951890034364225e-01
1.724941724941725096e-01
3.626373626373626258e-01
1.904761904761904656e-01
2.230576441102756768e-01
1.602339181286549785e-01
