1.140000000000000000e+02
3.600000000000000000e+01
0.000000000000000000e+00
0.000000000000000000e+00
0.000000000000000000e+00
0.000000000000000000e+00
0.000000000000000000e+00
0.000000000000000000e+00
0.000000000000000000e+00
0.000000000000000000e+00
1.000000000000000000e+00
1.000000000000000000e+00
1.000000000000000000e+00
0.000000000000000000e+00
0.000000000000000000e+00
0.000000000000000000e+00
1.000000000000000000e+00
0.000000000000000000e+00
0.000000000000000000e+00
0.000000000000000000e+00
0.000000000000000000e+00
0.000000000000000000e+00
1.040000000000000000e+02
2.000000000000000000e+01
5.000000000000000000e-01
1.000000000000000000e+00
2.399999999999999911e-01
1.474358974358974395e-01
4.567307692307692180e-01
2.500000000000000000e-01
2.766990291262135804e-01
1.747572815533980639e-01
