1.080000000000000000e+02
2.400000000000000000e+01
1.000000000000000000e+00
1.000000000000000000e+00
1.000000000000000000e+00
1.000000000000000000e+00
0.000000000000000000e+00
0.000000000000000000e+00
0.000000000000000000e+00
1.000000000000000000e+00
0.000000000000000000e+00
0.000000000000000000e+00
0.000000000000000000e+00
1.000000000000000000e+00
1.000000000000000000e+00
1.000000000000000000e+00
0.000000000000000000e+00
1.000000000000000000e+00
1.000000000000000000e+00
1.000000000000000000e+00
1.000000000000000000e+00
1.000000000000000000e+00
4.500000000000000000e+01
2.000000000000000000e+01
1.538461538461538547e-01
5.833333333333333703e-01
1.818181818181818232e-01
1.611111111111110938e-01
2.888888888888888618e-01
7.692307692307692735e-02
1.888111888111888015e-01
9.090909090909089774e-02
