1.350000000000000000e+02
3.000000000000000000e+01
1.000000000000000000e+00
1.000000000000000000e+00
1.000000000000000000e+00
1.000000000000000000e+00
1.000000000000000000e+00
1.000000000000000000e+00
1.000000000000000000e+00
1.000000000000000000e+00
0.000000000000000000e+00
0.000000000000000000e+00
0.000000000000000000e+00
1.000000000000000000e+00
1.000000000000000000e+00
1.000000000000000000e+00
0.000000000000000000e+00
1.000000000000000000e+00
1.000000000000000000e+00
1.000000000000000000e+00
1.000000000000000000e+00
1.000000000000000000e+00
5.400000000000000000e+01
2.000000000000000000e+01
1.250000000000000000e-01
5.666666666666666519e-01
1.818181818181818232e-01
1.370370370370370128e-01
2.442129629629629650e-01
6.250000000000000000e-02
1.591981132075471761e-01
7.075471698113207364e-02
