9.900000000000000000e+01
2.200000000000000000e+01
0.000000000000000000e+00
0.000000000000000000e+00
1.000000000000000000e+00
0.000000000000000000e+00
0.000000000000000000e+00
1.000000000000000000e+00
1.000000000000000000e+00
1.000000000000000000e+00
0.000000000000000000e+00
0.000000000000000000e+00
0.000000000000000000e+00
1.000000000000000000e+00
1.000000000000000000e+00
1.000000000000000000e+00
0.000000000000000000e+00
1.000000000000000000e+00
1.000000000000000000e+00
1.000000000000000000e+00
1.000000000000000000e+00
1.000000000000000000e+00
4.200000000000000000e+01
2.000000000000000000e+01
1.666666666666666574e-01
5.909090909090909394e-01
1.818181818181818232e-01
1.709956709956710064e-01
3.075396825396825573e-01
8.333333333333332871e-02
2.012195121951219356e-01
8.943089430894309022e-02
