3.600000000000000000e+01
8.000000000000000000e+00
1.000000000000000000e+00
1.000000000000000000e+00
1.000000000000000000e+00
1.000000000000000000e+00
0.000000000000000000e+00
0.000000000000000000e+00
0.000000000000000000e+00
1.000000000000000000e+00
0.000000000000000000e+00
0.000000000000000000e+00
0.000000000000000000e+00
0.000000000000000000e+00
0.000000000000000000e+00
0.000000000000000000e+00
0.000000000000000000e+00
0.000000000000000000e+00
0.000000000000000000e+00
0.000000000000000000e+00
0.000000000000000000e+00
0.000000000000000000e+00
2.100000000000000000e+01
2.000000000000000000e+01
4.000000000000000222e-01
7.500000000000000000e-01
1.818181818181818232e-01
2.738095238095238360e-01
5.428571428571428159e-01
2.000000000000000111e-01
3.599999999999999867e-01
2.000000000000000111e-01
