5.500000000000000000e+01
1.800000000000000000e+01
1.000000000000000000e+00
1.000000000000000000e+00
1.000000000000000000e+00
1.000000000000000000e+00
0.000000000000000000e+00
0.000000000000000000e+00
0.000000000000000000e+00
1.000000000000000000e+00
0.000000000000000000e+00
0.000000000000000000e+00
0.000000000000000000e+00
0.000000000000000000e+00
1.000000000000000000e+00
1.000000000000000000e+00
0.000000000000000000e+00
0.000000000000000000e+00
0.000000000000000000e+00
1.000000000000000000e+00
1.000000000000000000e+00
1.000000000000000000e+00
3.200000000000000000e+01
2.000000000000000000e+01
2.000000000000000111e-01
6.111111111111111605e-01
2.465753424657534110e-01
1.423611111111111049e-01
3.156249999999999889e-01
1.000000000000000056e-01
1.774193548387096864e-01
1.161290322580645212e-01
