1.030000000000000000e+02
3.400000000000000000e+01
1.000000000000000000e+00
1.000000000000000000e+00
1.000000000000000000e+00
1.000000000000000000e+00
1.000000000000000000e+00
1.000000000000000000e+00
1.000000000000000000e+00
1.000000000000000000e+00
0.000000000000000000e+00
1.000000000000000000e+00
1.000000000000000000e+00
1.000000000000000000e+00
1.000000000000000000e+00
1.000000000000000000e+00
0.000000000000000000e+00
1.000000000000000000e+00
1.000000000000000000e+00
1.000000000000000000e+00
1.000000000000000000e+00
1.000000000000000000e+00
5.600000000000000000e+01
2.000000000000000000e+01
1.111111111111111049e-01
5.588235294117647189e-01
2.481751824817518270e-01
8.508403361344539506e-02
1.875000000000000000e-01
5.555555555555555247e-02
1.040404040404040442e-01
6.868686868686868507e-02
