8.500000000000000000e+01
2.800000000000000000e+01
1.000000000000000000e+00
1.000000000000000000e+00
1.000000000000000000e+00
1.000000000000000000e+00
0.000000000000000000e+00
1.000000000000000000e+00
1.000000000000000000e+00
1.000000000000000000e+00
0.000000000000000000e+00
0.000000000000000000e+00
0.000000000000000000e+00
1.000000000000000000e+00
1.000000000000000000e+00
1.000000000000000000e+00
0.000000000000000000e+00
1.000000000000000000e+00
1.000000000000000000e+00
1.000000000000000000e+00
1.000000000000000000e+00
1.000000000000000000e+00
4.700000000000000000e+01
2.000000000000000000e+01
1.333333333333333315e-01
5.357142857142856984e-01
2.477876106194690231e-01
1.003039513677811551e-01
2.212765957446808374e-01
6.666666666666666574e-02
1.231884057971014551e-01
8.695652173913044625e-02
