6.700000000000000000e+01
2.200000000000000000e+01
0.000000000000000000e+00
0.000000000000000000e+00
1.000000000000000000e+00
0.000000000000000000e+00
0.000000000000000000e+00
1.000000000000000000e+00
1.000000000000000000e+00
1.000000000000000000e+00
0.000000000000000000e+00
0.000000000000000000e+00
0.000000000000000000e+00
1.000000000000000000e+00
1.000000000000000000e+00
1.000000000000000000e+00
0.000000000000000000e+00
1.000000000000000000e+00
1.000000000000000000e+00
1.000000000000000000e+00
1.000000000000000000e+00
1.000000000000000000e+00
3.800000000000000000e+01
2.000000000000000000e+01
1.666666666666666574e-01
5.454545454545454142e-01
2.471910112359550493e-01
1.220095693779904289e-01
2.697368421052631637e-01
8.333333333333332871e-02
1.509009009009008861e-01
9.909909909909909997e-02
