1.300000000000000000e+01
4.000000000000000000e+00
0.000000000000000000e+00
0.000000000000000000e+00
0.000000000000000000e+00
0.000000000000000000e+00
0.000000000000000000e+00
0.000000000000000000e+00
0.000000000000000000e+00
0.000000000000000000e+00
0.000000000000000000e+00
0.000000000000000000e+00
0.000000000000000000e+00
0.000000000000000000e+00
0.000000000000000000e+00
0.000000000000000000e+00
0.000000000000000000e+00
0.000000000000000000e+00
0.000000000000000000e+00
1.000000000000000000e+00
1.000000000000000000e+00
1.000000000000000000e+00
1.100000000000000000e+01
2.000000000000000000e+01
6.666666666666666297e-01
7.500000000000000000e-01
2.352941176470588203e-01
2.727272727272727071e-01
7.272727272727272929e-01
3.333333333333333148e-01
4.333333333333333481e-01
4.000000000000000222e-01
