7.300000000000000000e+01
2.400000000000000000e+01
1.000000000000000000e+00
1.000000000000000000e+00
1.000000000000000000e+00
1.000000000000000000e+00
0.000000000000000000e+00
0.000000000000000000e+00
0.000000000000000000e+00
1.000000000000000000e+00
0.000000000000000000e+00
0.000000000000000000e+00
0.000000000000000000e+00
1.000000000000000000e+00
1.000000000000000000e+00
1.000000000000000000e+00
0.000000000000000000e+00
1.000000000000000000e+00
1.000000000000000000e+00
1.000000000000000000e+00
1.000000000000000000e+00
1.000000000000000000e+00
4.100000000000000000e+01
2.000000000000000000e+01
1.538461538461538547e-01
5.833333333333333703e-01
2.474226804123711432e-01
1.138211382113821085e-01
2.514071294559099279e-01
7.692307692307692735e-02
1.403846153846153855e-01
9.999999999999999167e-02
