9.100000000000000000e+01
3.000000000000000000e+01
1.000000000000000000e+00
1.000000000000000000e+00
1.000000000000000000e+00
1.000000000000000000e+00
1.000000000000000000e+00
1.000000000000000000e+00
1.000000000000000000e+00
1.000000000000000000e+00
0.000000000000000000e+00
0.000000000000000000e+00
0.000000000000000000e+00
1.000000000000000000e+00
1.000000000000000000e+00
1.000000000000000000e+00
0.000000000000000000e+00
1.000000000000000000e+00
1.000000000000000000e+00
1.000000000000000000e+00
1.000000000000000000e+00
1.000000000000000000e+00
5.000000000000000000e+01
2.000000000000000000e+01
1.250000000000000000e-01
5.666666666666666519e-01
2.479338842975206680e-01
9.466666666666666285e-02
2.087499999999999911e-01
6.250000000000000000e-02
1.160714285714285754e-01
7.653061224489796088e-02
